0.2
0.20952
0.2195
0.22995
0.2409
0.25237
0.26439
0.27698
0.29017
0.30398
0.31846
0.33362
0.34951
0.36615
0.38358
0.40185
0.42098
0.44103
0.46203
0.48403
0.50707
0.53122
0.55651
0.58301
0.61077
0.63985
0.67032
0.70224
0.73568
0.77071
0.8074
0.84585
0.88612
0.92832
0.97252
1.0188
1.0673
1.1182
1.1714
1.2272
1.2856
1.3468
1.411
1.4781
1.5485
1.6223
1.6995
1.7804
1.8652
1.954
2.0471
2.1445
2.2466
2.3536
2.4657
2.5831
2.7061
2.8349
2.9699
3.1114
3.2595
3.4147
3.5773
3.7476
3.9261
4.113
4.3089
4.514
4.729
4.9542
5.19
5.4372
5.6961
5.9673
6.2514
6.5491
6.8609
7.1876
7.5299
7.8884
8.264
8.6575
9.0698
9.5016
9.954
10.428
10.925
11.445
11.99
12.561
13.159
13.785
14.442
15.129
15.85
16.604
17.395
18.223
19.091
20
