-6.2832
-6.1563
-6.0293
-5.9024
-5.7755
-5.6485
-5.5216
-5.3947
-5.2677
-5.1408
-5.0139
-4.8869
-4.76
-4.6331
-4.5061
-4.3792
-4.2523
-4.1253
-3.9984
-3.8715
-3.7445
-3.6176
-3.4907
-3.3637
-3.2368
-3.1099
-2.9829
-2.856
-2.7291
-2.6021
-2.4752
-2.3483
-2.2213
-2.0944
-1.9675
-1.8405
-1.7136
-1.5867
-1.4597
-1.3328
-1.2059
-1.0789
-0.952
-0.82506
-0.69813
-0.5712
-0.44427
-0.31733
-0.1904
-0.063467
0.063467
0.1904
0.31733
0.44427
0.5712
0.69813
0.82506
0.952
1.0789
1.2059
1.3328
1.4597
1.5867
1.7136
1.8405
1.9675
2.0944
2.2213
2.3483
2.4752
2.6021
2.7291
2.856
2.9829
3.1099
3.2368
3.3637
3.4907
3.6176
3.7445
3.8715
3.9984
4.1253
4.2523
4.3792
4.5061
4.6331
4.76
4.8869
5.0139
5.1408
5.2677
5.3947
5.5216
5.6485
5.7755
5.9024
6.0293
6.1563
6.2832
