0.1,1
0.121,1
0.146,0.999
0.176,0.999
0.212,0.999
0.256,0.998
0.309,0.997
0.373,0.996
0.45,0.994
0.543,0.992
0.655,0.988
0.791,0.983
0.954,0.975
1.15,0.964
1.39,0.948
1.68,0.926
2.02,0.895
2.44,0.853
2.95,0.796
3.56,0.725
4.29,0.639
5.18,0.545
6.25,0.454
7.54,0.378
9.1,0.32
11,0.271
13.3,0.225
16,0.189
19.3,0.157
23.3,0.131
28.1,0.109
33.9,0.0908
40.9,0.0755
49.4,0.0628
59.6,0.0521
72,0.0433
86.9,0.0359
105,0.0298
126,0.0247
153,0.0205
184,0.017
222,0.0141
268,0.0117
324,0.00971
391,0.00805
471,0.00668
569,0.00558
687,0.0137
829,0.0114
1e+03,0.00943
