0.1,1
0.11,0.999
0.12,0.999
0.132,0.999
0.145,0.999
0.159,0.999
0.175,0.999
0.192,0.998
0.21,0.998
0.231,0.998
0.254,0.997
0.278,0.997
0.305,0.996
0.335,0.995
0.368,0.994
0.404,0.993
0.443,0.992
0.486,0.99
0.534,0.988
0.586,0.986
0.643,0.983
0.705,0.979
0.774,0.975
0.85,0.97
0.933,0.964
1.02,0.957
1.12,0.949
1.23,0.939
1.35,0.926
1.48,0.912
1.63,0.895
1.79,0.875
1.96,0.851
2.15,0.824
2.36,0.791
2.6,0.754
2.85,0.712
3.13,0.664
3.43,0.61
3.76,0.552
4.13,0.489
4.53,0.423
4.98,0.355
5.46,0.29
5.99,0.229
6.58,0.176
7.22,0.134
7.92,0.104
8.7,0.0844
9.55,0.0736
10.5,0.0665
11.5,0.0589
12.6,0.0488
13.8,0.0379
15.2,0.0296
16.7,0.0253
18.3,0.0224
20.1,0.0184
22.1,0.0145
24.2,0.0123
26.6,0.0105
29.2,0.00839
32,0.00713
35.1,0.00589
38.5,0.00487
42.3,0.00407
46.4,0.00337
50.9,0.00278
55.9,0.00234
61.4,0.00193
67.3,0.0016
73.9,0.00132
81.1,0.0011
89,0.000914
97.7,0.000762
107,0.000633
118,0.000523
129,0.000436
142,0.000362
156,0.000301
171,0.00025
187,0.000207
206,0.000172
226,0.000143
248,0.000118
272,9.86e-05
298,8.17e-05
327,6.79e-05
359,5.65e-05
394,4.69e-05
433,3.91e-05
475,3.25e-05
521,2.7e-05
572,2.26e-05
628,1.95e-05
689,1.93e-05
756,0.000281
830,0.000141
911,9.56e-05
1e+03,7.07e-05
