0.1,1
0.11,0.999
0.12,0.999
0.132,0.999
0.145,0.999
0.159,0.999
0.175,0.999
0.192,0.998
0.21,0.998
0.231,0.998
0.254,0.997
0.278,0.997
0.305,0.996
0.335,0.995
0.368,0.994
0.404,0.993
0.443,0.992
0.486,0.99
0.534,0.988
0.586,0.986
0.643,0.983
0.705,0.98
0.774,0.975
0.85,0.97
0.933,0.964
1.02,0.957
1.12,0.949
1.23,0.939
1.35,0.927
1.48,0.912
1.63,0.895
1.79,0.875
1.96,0.852
2.15,0.824
2.36,0.792
2.6,0.755
2.85,0.712
3.13,0.665
3.43,0.611
3.76,0.552
4.13,0.489
4.53,0.423
4.98,0.356
5.46,0.29
5.99,0.229
6.58,0.176
7.22,0.134
7.92,0.104
8.7,0.0845
9.55,0.0737
10.5,0.0667
11.5,0.0591
12.6,0.049
13.8,0.038
15.2,0.0297
16.7,0.0254
18.3,0.0226
20.1,0.0186
22.1,0.0145
24.2,0.0124
26.6,0.0106
29.2,0.00844
32,0.0072
35.1,0.00595
38.5,0.00492
42.3,0.00412
46.4,0.00342
50.9,0.00282
55.9,0.00239
61.4,0.00198
67.3,0.00163
73.9,0.00135
81.1,0.00113
89,0.000945
97.7,0.000805
107,0.000687
118,0.000561
129,0.000685
142,0.00308
156,0.00534
171,0.00312
187,0.00219
206,0.00166
226,0.0013
248,0.00175
272,0.0024
298,0.00361
327,0.00205
359,0.00152
394,0.00362
433,0.00271
475,0.00187
521,0.00354
572,0.00203
628,0.0019
689,0.00241
756,0.00279
830,0.00233
911,0.00318
1e+03,0.00196
