 0.10, 0.50, 104.8062
 0.11, 0.50, 104.7955
 0.11, 0.50, 104.7861
 0.12, 0.50, 104.7781
 0.13, 0.50, 104.7717
 0.13, 0.50, 104.7674
 0.14, 0.50, 104.7654
 0.15, 0.50, 104.7662
 0.16, 0.50, 104.7702
 0.17, 0.50, 104.7778
 0.18, 0.50, 104.7897
 0.19, 0.50, 104.8063
 0.20, 0.50, 104.8285
 0.21, 0.50, 104.8568
 0.22, 0.50, 104.8921
 0.24, 0.50, 104.9353
 0.25, 0.50, 104.9873
 0.27, 0.50, 105.0491
 0.28, 0.50, 105.1220
 0.30, 0.50, 105.2069
 0.32, 0.50, 105.3054
 0.33, 0.50, 105.4188
 0.35, 0.50, 105.5484
 0.38, 0.50, 105.6962
 0.40, 0.50, 105.8634
 0.42, 0.50, 106.0520
 0.45, 0.50, 106.2638
 0.47, 0.50, 106.5007
 0.50, 0.50, 106.7644
 0.53, 0.50, 107.0569
 0.56, 0.50, 107.3804
 0.60, 0.50, 107.7363
 0.63, 0.50, 108.1270
 0.67, 0.50, 108.5542
 0.71, 0.50, 109.0196
 0.75, 0.50, 109.5244
 0.79, 0.50, 110.0709
 0.84, 0.50, 110.6593
 0.89, 0.50, 111.2911
 0.94, 0.50, 111.9673
 1.00, 0.50, 112.6879
 1.06, 0.50, 113.4537
 1.12, 0.50, 114.2639
 1.19, 0.50, 115.1185
 1.26, 0.50, 116.0162
 1.33, 0.50, 116.9561
 1.41, 0.50, 117.9358
 1.50, 0.50, 118.9539
 1.58, 0.50, 120.0067
 1.68, 0.50, 121.0915
 1.78, 0.50, 122.2052
 1.88, 0.50, 123.3437
 2.00, 0.50, 124.5029
 2.11, 0.50, 125.6777
 2.24, 0.50, 126.8627
 2.37, 0.50, 128.0544
 2.51, 0.50, 129.2467
 2.66, 0.50, 130.4336
 2.82, 0.50, 131.6114
 2.99, 0.50, 132.7716
 3.16, 0.50, 133.9138
 3.35, 0.50, 135.0331
 3.55, 0.50, 136.1222
 3.76, 0.50, 137.1772
 3.98, 0.50, 138.2014
 4.22, 0.50, 139.1835
 4.47, 0.50, 140.1258
 4.73, 0.50, 141.0248
 5.01, 0.50, 141.8781
 5.31, 0.50, 142.6921
 5.62, 0.50, 143.4666
 5.96, 0.50, 144.1860
 6.31, 0.50, 144.8678
 6.68, 0.50, 145.5148
 7.08, 0.50, 146.1119
 7.50, 0.50, 146.6715
 7.94, 0.50, 147.1976
 8.41, 0.50, 147.6849
 8.91, 0.50, 148.1380
 9.44, 0.50, 148.5617
 10.00, 0.50, 148.9611
 10.59, 0.50, 149.3307
 11.22, 0.50, 149.6753
 11.89, 0.50, 149.9997
 12.59, 0.50, 150.3087
 13.34, 0.50, 150.5953
 14.13, 0.50, 150.8636
 14.96, 0.50, 151.1173
 15.85, 0.50, 151.3602
 16.79, 0.50, 151.5959
 17.78, 0.50, 151.8149
 18.84, 0.50, 152.0200
 19.95, 0.50, 152.2136
 21.13, 0.50, 152.3982
 22.39, 0.50, 152.5759
 23.71, 0.50, 152.7490
 25.12, 0.50, 152.9193
 26.61, 0.50, 153.0889
 28.18, 0.50, 153.2315
 29.85, 0.50, 153.3763
 31.62, 0.50, 153.5248
 33.50, 0.50, 153.6787
 35.48, 0.50, 153.8106
 37.58, 0.50, 153.9212
 39.81, 0.50, 154.0405
 42.17, 0.50, 154.1699
 44.67, 0.50, 154.2809
 47.32, 0.50, 154.3743
 50.12, 0.50, 154.4806
 53.09, 0.50, 154.6010
 56.23, 0.50, 154.6758
 59.57, 0.50, 154.7663
 63.10, 0.50, 154.8733
 66.83, 0.50, 154.9364
 70.79, 0.50, 155.0483
 74.99, 0.50, 155.0862
 79.43, 0.50, 155.1745
 84.14, 0.50, 155.2518
 89.13, 0.50, 155.3186
 94.41, 0.50, 155.3753
 100.00, 0.50, 155.4224
 105.93, 0.50, 155.5236
 112.20, 0.50, 155.5529
 118.85, 0.50, 155.5738
 125.89, 0.50, 155.6504
 133.35, 0.50, 155.7197
 141.25, 0.50, 155.7180
 149.62, 0.50, 155.7735
 158.49, 0.50, 155.8226
 167.88, 0.50, 155.8656
 177.83, 0.50, 155.9029
 188.36, 0.50, 155.9348
 199.53, 0.50, 155.9614
 211.35, 0.50, 155.9830
 223.87, 0.50, 156.0648
 237.14, 0.50, 156.0773
 251.19, 0.50, 156.0856
 266.07, 0.50, 156.1550
 281.84, 0.50, 156.0904
 298.54, 0.50, 156.1524
 316.23, 0.50, 156.2111
 334.97, 0.50, 156.2667
 354.81, 0.50, 156.1885
 375.84, 0.50, 156.2381
 398.11, 0.50, 156.2851
 421.70, 0.50, 156.3295
 446.68, 0.50, 156.2404
 473.15, 0.50, 156.2801
 501.19, 0.50, 156.3176
 530.88, 0.50, 156.3530
 562.34, 0.50, 156.3866
 595.66, 0.50, 156.4183
 630.96, 0.50, 156.3166
 668.34, 0.50, 156.3449
 707.95, 0.50, 156.3716
 749.89, 0.50, 156.3969
 794.33, 0.50, 156.4207
 841.40, 0.50, 156.4433
 891.25, 0.50, 156.4646
 944.06, 0.50, 156.4847
 1000.00, 0.50, 156.5038
