 0.000, 1.00000000
 0.303, 0.99618126
 0.606, 0.98480889
 0.909, 0.96613172
 1.212, 0.94055559
 1.515, 0.90863031
 1.818, 0.87103225
 2.121, 0.82854306
 2.424, 0.78202548
 2.727, 0.73239712
 3.030, 0.68060317
 3.333, 0.62758912
 3.636, 0.57427450
 3.939, 0.52152839
 4.242, 0.47014779
 4.545, 0.42083933
 4.848, 0.37420490
 5.152, 0.33073160
 5.455, 0.29078613
 5.758, 0.25461353
 6.061, 0.22234024
 6.364, 0.19398089
 6.667, 0.16944850
 6.970, 0.14856740
 7.273, 0.13108814
 7.576, 0.11670374
 7.879, 0.10506652
 8.182, 0.09580471
 8.485, 0.08853834
 8.788, 0.08289368
 9.091, 0.07851585
 9.394, 0.07507930
 9.697, 0.07229569
 10.000, 0.06991947
 10.303, 0.06775080
 10.606, 0.06563613
 10.909, 0.06346674
 11.212, 0.06117539
 11.515, 0.05873148
 11.818, 0.05613530
 12.121, 0.05341149
 12.424, 0.05060234
 12.727, 0.04776120
 13.030, 0.04494635
 13.333, 0.04221553
 13.636, 0.03962146
 13.939, 0.03720829
 14.242, 0.03500930
 14.545, 0.03304549
 14.848, 0.03132531
 15.152, 0.02984528
 15.455, 0.02859128
 15.758, 0.02754044
 16.061, 0.02666343
 16.364, 0.02592686
 16.667, 0.02529573
 16.970, 0.02473570
 17.273, 0.02421506
 17.576, 0.02370636
 17.879, 0.02318751
 18.182, 0.02264251
 18.485, 0.02206163
 18.788, 0.02144119
 19.091, 0.02078299
 19.394, 0.02009345
 19.697, 0.01938246
 20.000, 0.01866230
 20.303, 0.01794631
 20.606, 0.01724785
 20.909, 0.01657924
 21.212, 0.01595089
 21.515, 0.01537079
 21.818, 0.01484404
 22.121, 0.01437277
 22.424, 0.01395624
 22.727, 0.01359108
 23.030, 0.01327174
 23.333, 0.01299108
 23.636, 0.01274091
 23.939, 0.01251264
 24.242, 0.01229788
 24.545, 0.01208890
 24.848, 0.01187915
 25.152, 0.01166347
 25.455, 0.01143831
 25.758, 0.01120181
 26.061, 0.01095370
 26.364, 0.01069514
 26.667, 0.01042849
 26.970, 0.01015699
 27.273, 0.00988447
 27.576, 0.00961495
 27.879, 0.00935236
 28.182, 0.00910028
 28.485, 0.00886167
 28.788, 0.00863871
 29.091, 0.00843275
 29.394, 0.00824424
 29.697, 0.00807275
 30.000, 0.00791714
