0.99, 1.00, 0.1500, 26.1133, 23.2374, 0.3064
0.99, 1.00, 0.1570, 24.2644, 16.1503, 0.4614
0.99, 1.00, 0.1640, 22.6246, 12.9112, 0.5149
0.99, 1.00, 0.1709, 21.1641, 14.5836, 0.3508
0.99, 1.00, 0.1779, 19.8581, 12.0362, 0.3801
0.99, 1.00, 0.1849, 18.6860, 12.5361, 0.2902
0.99, 1.00, 0.1919, 17.6305, 12.5387, 0.2329
0.99, 1.00, 0.1989, 16.6770, 11.8810, 0.2030
0.99, 1.00, 0.2058, 15.8132, 9.3674, 0.2438
0.99, 1.00, 0.2128, 15.0285, 8.6176, 0.2253
0.99, 1.00, 0.2198, 14.3135, 8.0549, 0.2032
0.99, 1.00, 0.2268, 13.6605, 9.2081, 0.1259
0.99, 1.00, 0.2338, 13.0631, 8.1110, 0.1271
0.99, 1.00, 0.2407, 12.5154, 6.5242, 0.1507
0.99, 1.00, 0.2477, 12.0125, 5.9812, 0.1399
0.99, 1.00, 0.2547, 11.5547, 5.6038, 0.1195
0.99, 1.00, 0.2617, 11.1283, 4.8866, 0.1202
0.99, 1.00, 0.2687, 10.7348, 4.7324, 0.0998
0.99, 1.00, 0.2756, 10.3713, 5.0049, 0.0672
0.99, 1.00, 0.2826, 10.0350, 4.0950, 0.0780
0.99, 1.00, 0.2896, 9.7236, 3.5882, 0.0771
0.99, 1.00, 0.2966, 9.4350, 3.1609, 0.0747
0.99, 1.00, 0.3036, 9.1672, 3.3977, 0.0469
0.99, 1.00, 0.3105, 8.9188, 2.8801, 0.0497
0.99, 1.00, 0.3175, 8.6880, 2.7305, 0.0399
0.99, 1.00, 0.3245, 8.4737, 2.4843, 0.0349
0.99, 1.00, 0.3315, 8.2746, 2.3842, 0.0255
0.99, 1.00, 0.3385, 8.0896, 1.8705, 0.0330
0.99, 1.00, 0.3454, 7.9178, 1.8666, 0.0213
0.99, 1.00, 0.3524, 7.7583, 1.6855, 0.0178
0.99, 1.00, 0.3594, 7.6102, 1.5901, 0.0119
0.99, 1.00, 0.3664, 7.4730, 1.3859, 0.0108
0.99, 1.00, 0.3734, 7.3458, 1.2078, 0.0095
0.99, 1.00, 0.3803, 7.2283, 1.0467, 0.0083
0.99, 1.00, 0.3873, 7.1198, 0.9113, 0.0068
0.99, 1.00, 0.3943, 7.0198, 0.8216, 0.0043
0.99, 1.00, 0.4013, 6.9280, 0.7115, 0.0031
0.99, 1.00, 0.4083, 6.8440, 0.6053, 0.0023
0.99, 1.00, 0.4152, 6.7674, 0.5180, 0.0014
0.99, 1.00, 0.4222, 6.6979, 0.4332, 0.0008
0.99, 1.00, 0.4292, 6.6352, 0.3553, 0.0005
0.99, 1.00, 0.4362, 6.5791, 0.2890, 0.0001
0.99, 1.00, 0.4432, 6.5294, 0.2335, 0.0000
0.99, 1.00, 0.4501, 6.4858, 0.1746, 0.0000
0.99, 1.00, 0.4571, 6.4483, 0.1286, 0.0000
0.99, 1.00, 0.4641, 6.4170, 0.0898, 0.0000
0.99, 1.00, 0.4711, 6.3928, 0.0562, 0.0000
0.99, 1.00, 0.4781, 6.3689, 0.0353, 0.0017
0.99, 1.00, 0.4850, 6.3552, 0.0161, 0.0008
0.99, 1.00, 0.4920, 6.3468, 0.0048, 0.0002
0.99, 1.00, 0.4990, 6.3435, 0.0001, 0.0001
0.75, 1.00, 0.1500, 17.3420, 0.0150, 0.0319
0.75, 1.00, 0.1570, 16.4932, 1.1867, 0.0508
0.75, 1.00, 0.1640, 15.7241, 0.2647, 0.0074
0.75, 1.00, 0.1709, 15.0218, 0.2894, 0.0065
0.75, 1.00, 0.1779, 14.3793, 0.2339, 0.0075
0.75, 1.00, 0.1849, 13.7874, 0.2425, 0.0091
0.75, 1.00, 0.1919, 13.2457, 0.2399, 0.0079
0.75, 1.00, 0.1989, 12.7455, 0.2372, 0.0074
0.75, 1.00, 0.2058, 12.2848, 0.2685, 0.0045
0.75, 1.00, 0.2128, 11.8538, 0.6747, 0.0022
0.75, 1.00, 0.2198, 11.4571, 0.1596, 0.0093
0.75, 1.00, 0.2268, 11.0881, 0.2205, 0.0065
0.75, 1.00, 0.2338, 10.7443, 0.2152, 0.0066
0.75, 1.00, 0.2407, 10.4262, 0.2437, 0.0034
0.75, 1.00, 0.2477, 10.1250, 0.2229, 0.0060
0.75, 1.00, 0.2547, 9.8468, 0.1976, 0.0056
0.75, 1.00, 0.2617, 9.5864, 0.1827, 0.0052
0.75, 1.00, 0.2687, 9.3426, 0.1857, 0.0046
0.75, 1.00, 0.2756, 9.1161, 0.1720, 0.0026
0.75, 1.00, 0.2826, 8.8989, 0.1991, 0.0049
0.75, 1.00, 0.2896, 8.6993, 0.1684, 0.0043
0.75, 1.00, 0.2966, 8.5118, 0.1591, 0.0037
0.75, 1.00, 0.3036, 8.3358, 0.1435, 0.0034
0.75, 1.00, 0.3105, 8.1706, 0.1349, 0.0031
0.75, 1.00, 0.3175, 8.0157, 0.1268, 0.0028
0.75, 1.00, 0.3245, 7.8703, 0.1064, 0.0029
0.75, 1.00, 0.3315, 7.7341, 0.1024, 0.0025
0.75, 1.00, 0.3385, 7.6064, 0.1051, 0.0020
0.75, 1.00, 0.3454, 7.4864, 0.1026, 0.0021
0.75, 1.00, 0.3524, 7.3730, 0.0959, 0.0035
0.75, 1.00, 0.3594, 7.2725, 0.0794, 0.0000
0.75, 1.00, 0.3664, 7.1742, 0.0734, 0.0000
0.75, 1.00, 0.3734, 7.0828, 0.0635, 0.0003
0.75, 1.00, 0.3803, 6.9978, 0.0628, 0.0004
0.75, 1.00, 0.3873, 6.9191, 0.0541, 0.0005
0.75, 1.00, 0.3943, 6.8462, 0.0480, 0.0005
0.75, 1.00, 0.4013, 6.7790, 0.0423, 0.0005
0.75, 1.00, 0.4083, 6.7172, 0.0369, 0.0004
0.75, 1.00, 0.4152, 6.6606, 0.0313, 0.0004
0.75, 1.00, 0.4222, 6.6091, 0.0279, 0.0003
0.75, 1.00, 0.4292, 6.5625, 0.0219, 0.0003
0.75, 1.00, 0.4362, 6.5206, 0.0187, 0.0002
0.75, 1.00, 0.4432, 6.4837, 0.0146, 0.0000
0.75, 1.00, 0.4501, 6.4523, 0.0097, 0.0000
0.75, 1.00, 0.4571, 6.4202, 0.0108, 0.0025
0.75, 1.00, 0.4641, 6.3972, 0.0077, 0.0013
0.75, 1.00, 0.4711, 6.3783, 0.0051, 0.0038
0.75, 1.00, 0.4781, 6.3634, 0.0055, 0.0005
0.75, 1.00, 0.4850, 6.3527, 0.0013, 0.0003
0.75, 1.00, 0.4920, 6.3461, 0.0008, 0.0015
0.75, 1.00, 0.4990, 6.3434, 0.0000, 0.0000
0.50, 1.00, 0.1500, 15.8678, 0.1308, 0.1600
0.50, 1.00, 0.1570, 15.1469, 0.1209, 0.1209
0.50, 1.00, 0.1640, 14.4901, 0.0108, 0.1460
0.50, 1.00, 0.1709, 13.8922, 0.0012, 0.1622
0.50, 1.00, 0.1779, 13.3394, 0.0286, 0.0259
0.50, 1.00, 0.1849, 12.8343, 0.0240, 0.0240
0.50, 1.00, 0.1919, 12.3687, 0.0091, 0.0091
0.50, 1.00, 0.1989, 11.9400, 0.0004, 0.0584
0.50, 1.00, 0.2058, 11.5398, 0.0226, 0.0406
0.50, 1.00, 0.2128, 11.1711, 0.0350, 0.0350
0.50, 1.00, 0.2198, 10.8283, 0.0267, 0.1272
0.50, 1.00, 0.2268, 10.5108, 0.0291, 0.0425
0.50, 1.00, 0.2338, 10.2103, 0.0000, 0.0637
0.50, 1.00, 0.2407, 9.9335, 0.0142, 0.0091
0.50, 1.00, 0.2477, 9.6745, 0.0179, 0.0179
0.50, 1.00, 0.2547, 9.4322, 0.0068, 0.0126
0.50, 1.00, 0.2617, 9.2052, 0.0037, 0.0513
0.50, 1.00, 0.2687, 8.9925, 0.0087, 0.0538
0.50, 1.00, 0.2756, 8.7931, 0.0000, 0.0247
0.50, 1.00, 0.2826, 8.6060, 0.0049, 0.0296
0.50, 1.00, 0.2896, 8.4300, 0.0000, 0.0233
0.50, 1.00, 0.2966, 8.2635, 0.0038, 0.0240
0.50, 1.00, 0.3036, 8.1126, 0.0032, 0.0070
0.50, 1.00, 0.3105, 7.9666, 0.0000, 0.0206
0.50, 1.00, 0.3175, 7.8297, 0.0007, 0.0171
0.50, 1.00, 0.3245, 7.7013, 0.0034, 0.0046
0.50, 1.00, 0.3315, 7.5808, 0.0027, 0.0170
0.50, 1.00, 0.3385, 7.4678, 0.0023, 0.0023
0.50, 1.00, 0.3454, 7.3620, 0.0000, 0.0090
0.50, 1.00, 0.3524, 7.2629, 0.0012, 0.0094
0.50, 1.00, 0.3594, 7.1701, 0.0030, 0.0076
0.50, 1.00, 0.3664, 7.0835, 0.0000, 0.0097
0.50, 1.00, 0.3734, 7.0026, 0.0000, 0.0071
0.50, 1.00, 0.3803, 6.9274, 0.0000, 0.0102
0.50, 1.00, 0.3873, 6.8580, 0.0000, 0.0055
0.50, 1.00, 0.3943, 6.7943, 0.0009, 0.0018
0.50, 1.00, 0.4013, 6.7352, 0.0157, 0.0166
0.50, 1.00, 0.4083, 6.6758, 0.0036, 0.0040
0.50, 1.00, 0.4152, 6.6258, 0.0010, 0.0008
0.50, 1.00, 0.4222, 6.5801, 0.0110, 0.0012
0.50, 1.00, 0.4292, 6.5387, 0.0005, 0.0050
0.50, 1.00, 0.4362, 6.5015, 0.0033, 0.0039
0.50, 1.00, 0.4432, 6.4684, 0.0003, 0.0032
0.50, 1.00, 0.4501, 6.4393, 0.0002, 0.0020
0.50, 1.00, 0.4571, 6.4142, 0.0003, 0.0015
0.50, 1.00, 0.4641, 6.3929, 0.0029, 0.0012
0.50, 1.00, 0.4711, 6.3755, 0.0012, 0.0143
0.50, 1.00, 0.4781, 6.3618, 0.0040, 0.0027
0.50, 1.00, 0.4850, 6.3520, 0.0003, 0.0014
0.50, 1.00, 0.4920, 6.3458, 0.0001, 0.0020
0.50, 1.00, 0.4990, 6.3434, 0.0000, 0.0000
0.25, 1.00, 0.1500, 15.2315, 0.3394, 0.3394
0.25, 1.00, 0.1570, 14.5599, 0.1212, 0.1901
0.25, 1.00, 0.1640, 13.9528, 0.1404, 0.2144
0.25, 1.00, 0.1709, 13.3947, 0.1163, 0.1163
0.25, 1.00, 0.1779, 12.8836, 0.0649, 0.1162
0.25, 1.00, 0.1849, 12.4137, 0.1015, 0.1015
0.25, 1.00, 0.1919, 11.9809, 0.0398, 0.0934
0.25, 1.00, 0.1989, 11.5785, 0.0388, 0.1586
0.25, 1.00, 0.2058, 11.2091, 0.0783, 0.0783
0.25, 1.00, 0.2128, 10.8657, 0.0124, 0.0473
0.25, 1.00, 0.2198, 10.5463, 0.0181, 0.0913
0.25, 1.00, 0.2268, 10.2487, 0.0338, 0.0731
0.25, 1.00, 0.2338, 9.9708, 0.0500, 0.0500
0.25, 1.00, 0.2407, 9.7118, 0.0815, 0.0815
0.25, 1.00, 0.2477, 9.4721, 0.0444, 0.0444
0.25, 1.00, 0.2547, 9.2435, 0.0057, 0.0227
0.25, 1.00, 0.2617, 9.0302, 0.0311, 0.0259
0.25, 1.00, 0.2687, 8.8323, 0.0363, 0.0211
0.25, 1.00, 0.2756, 8.6457, 0.0234, 0.0234
0.25, 1.00, 0.2826, 8.4706, 0.0093, 0.0358
0.25, 1.00, 0.2896, 8.3061, 0.0102, 0.0713
0.25, 1.00, 0.2966, 8.1517, 0.0164, 0.0738
0.25, 1.00, 0.3036, 8.0065, 0.0480, 0.0480
0.25, 1.00, 0.3105, 7.8702, 0.0064, 0.0458
0.25, 1.00, 0.3175, 7.7421, 0.0189, 0.0189
0.25, 1.00, 0.3245, 7.6218, 0.0159, 0.0159
0.25, 1.00, 0.3315, 7.5088, 0.0178, 0.0178
0.25, 1.00, 0.3385, 7.4027, 0.0246, 0.0255
0.25, 1.00, 0.3454, 7.3033, 0.0063, 0.0433
0.25, 1.00, 0.3524, 7.2101, 0.0121, 0.0121
0.25, 1.00, 0.3594, 7.1229, 0.0001, 0.0426
0.25, 1.00, 0.3664, 7.0413, 0.0125, 0.0125
0.25, 1.00, 0.3734, 6.9652, 0.0249, 0.0249
0.25, 1.00, 0.3803, 6.8943, 0.0030, 0.0030
0.25, 1.00, 0.3873, 6.8284, 0.0015, 0.0173
0.25, 1.00, 0.3943, 6.7673, 0.0133, 0.0133
