0.99, 50.00, 0.1500, 36.3042, 36.6722, 0.8989
0.99, 50.00, 0.1570, 33.8219, 33.5098, 0.8159
0.99, 50.00, 0.1640, 31.6329, 30.7149, 0.7425
0.99, 50.00, 0.1709, 29.6920, 28.2302, 0.6772
0.99, 50.00, 0.1779, 27.9630, 26.0094, 0.6189
0.99, 50.00, 0.1849, 26.4158, 24.0146, 0.5665
0.99, 50.00, 0.1919, 25.0257, 22.2140, 0.5193
0.99, 50.00, 0.1989, 23.7720, 20.5817, 0.4765
0.99, 50.00, 0.2058, 22.6376, 19.0957, 0.4376
0.99, 50.00, 0.2128, 21.6079, 17.7376, 0.4021
0.99, 50.00, 0.2198, 20.6704, 16.4920, 0.3696
0.99, 50.00, 0.2268, 19.8147, 15.3454, 0.3398
0.99, 50.00, 0.2338, 19.0316, 14.2866, 0.3125
0.99, 50.00, 0.2407, 18.3135, 13.3057, 0.2873
0.99, 50.00, 0.2477, 17.6536, 12.3946, 0.2638
0.99, 50.00, 0.2547, 17.0459, 11.5457, 0.2422
0.99, 50.00, 0.2617, 16.4855, 10.7530, 0.2221
0.99, 50.00, 0.2687, 15.9678, 10.0111, 0.2035
0.99, 50.00, 0.2756, 15.4889, 9.3149, 0.1861
0.99, 50.00, 0.2826, 15.0454, 8.6607, 0.1701
0.99, 50.00, 0.2896, 14.6342, 8.0444, 0.1550
0.99, 50.00, 0.2966, 14.2525, 7.4632, 0.1411
0.99, 50.00, 0.3036, 13.8980, 6.9143, 0.1281
0.99, 50.00, 0.3105, 13.5686, 6.3951, 0.1159
0.99, 50.00, 0.3175, 13.2622, 5.9036, 0.1047
0.99, 50.00, 0.3245, 12.9773, 5.4381, 0.0942
0.99, 50.00, 0.3315, 12.7121, 4.9969, 0.0846
0.99, 50.00, 0.3385, 12.4655, 4.5784, 0.0756
0.99, 50.00, 0.3454, 12.2361, 4.1818, 0.0673
0.99, 50.00, 0.3524, 12.0229, 3.8060, 0.0598
0.99, 50.00, 0.3594, 11.8247, 3.4501, 0.0527
0.99, 50.00, 0.3664, 11.6408, 3.1133, 0.0462
0.99, 50.00, 0.3734, 11.4702, 2.7950, 0.0403
0.99, 50.00, 0.3803, 11.3123, 2.4949, 0.0351
0.99, 50.00, 0.3873, 11.1664, 2.2124, 0.0302
0.99, 50.00, 0.3943, 11.0318, 1.9474, 0.0258
0.99, 50.00, 0.4013, 10.9081, 1.6995, 0.0218
0.99, 50.00, 0.4083, 10.7948, 1.4686, 0.0182
0.99, 50.00, 0.4152, 10.6913, 1.2545, 0.0151
0.99, 50.00, 0.4222, 10.5974, 1.0572, 0.0124
0.99, 50.00, 0.4292, 10.5126, 0.8766, 0.0101
0.99, 50.00, 0.4362, 10.4367, 0.7129, 0.0080
0.99, 50.00, 0.4432, 10.3694, 0.5660, 0.0062
0.99, 50.00, 0.4501, 10.3114, 0.4348, 0.0036
0.99, 50.00, 0.4571, 10.2616, 0.3206, 0.0014
0.99, 50.00, 0.4641, 10.2146, 0.2283, 0.0044
0.99, 50.00, 0.4711, 10.1803, 0.1483, 0.0028
0.99, 50.00, 0.4781, 10.1535, 0.0853, 0.0016
0.99, 50.00, 0.4850, 10.1341, 0.0397, 0.0008
0.99, 50.00, 0.4920, 10.1220, 0.0113, 0.0054
0.99, 50.00, 0.4990, 10.1173, 0.0039, 0.0012
0.75, 50.00, 0.1500, 34.2677, 26.8611, 0.7357
0.75, 50.00, 0.1570, 32.0950, 24.8845, 0.6744
0.75, 50.00, 0.1640, 30.1603, 23.0931, 0.6192
0.75, 50.00, 0.1709, 28.4300, 21.4637, 0.5693
0.75, 50.00, 0.1779, 26.8763, 19.9764, 0.5241
0.75, 50.00, 0.1849, 25.4762, 18.6144, 0.4827
0.75, 50.00, 0.1919, 24.2101, 17.3634, 0.4451
0.75, 50.00, 0.1989, 23.0616, 16.2108, 0.4107
0.75, 50.00, 0.2058, 22.0168, 15.1459, 0.3790
0.75, 50.00, 0.2128, 21.0638, 14.1596, 0.3498
0.75, 50.00, 0.2198, 20.1923, 13.2436, 0.3229
0.75, 50.00, 0.2268, 19.3936, 12.3909, 0.2980
0.75, 50.00, 0.2338, 18.6599, 11.5953, 0.2750
0.75, 50.00, 0.2407, 17.9848, 10.8513, 0.2536
0.75, 50.00, 0.2477, 17.3624, 10.1542, 0.2337
0.75, 50.00, 0.2547, 16.7876, 9.4998, 0.2151
0.75, 50.00, 0.2617, 16.2561, 8.8842, 0.1980
0.75, 50.00, 0.2687, 15.7637, 8.3044, 0.1821
0.75, 50.00, 0.2756, 15.3065, 7.7577, 0.1679
0.75, 50.00, 0.2826, 14.8823, 7.2408, 0.1545
0.75, 50.00, 0.2896, 14.4882, 6.7516, 0.1420
0.75, 50.00, 0.2966, 14.1268, 6.2829, 0.1252
0.75, 50.00, 0.3036, 13.7859, 5.8429, 0.1142
0.75, 50.00, 0.3105, 13.4687, 5.4249, 0.1040
0.75, 50.00, 0.3175, 13.1732, 5.0274, 0.0945
0.75, 50.00, 0.3245, 12.8981, 4.6494, 0.0855
0.75, 50.00, 0.3315, 12.6418, 4.2894, 0.0771
0.75, 50.00, 0.3385, 12.4031, 3.9467, 0.0693
0.75, 50.00, 0.3454, 12.1808, 3.6203, 0.0621
0.75, 50.00, 0.3524, 11.9740, 3.3095, 0.0554
0.75, 50.00, 0.3594, 11.7816, 3.0137, 0.0492
0.75, 50.00, 0.3664, 11.6029, 2.7323, 0.0435
0.75, 50.00, 0.3734, 11.4371, 2.4648, 0.0382
0.75, 50.00, 0.3803, 11.2834, 2.2111, 0.0334
0.75, 50.00, 0.3873, 11.1414, 1.9707, 0.0289
0.75, 50.00, 0.3943, 11.0103, 1.7435, 0.0249
0.75, 50.00, 0.4013, 10.8897, 1.5294, 0.0214
0.75, 50.00, 0.4083, 10.7792, 1.3284, 0.0181
0.75, 50.00, 0.4152, 10.6782, 1.1406, 0.0152
0.75, 50.00, 0.4222, 10.5865, 0.9662, 0.0125
0.75, 50.00, 0.4292, 10.5038, 0.8051, 0.0102
0.75, 50.00, 0.4362, 10.4296, 0.6579, 0.0081
0.75, 50.00, 0.4432, 10.3638, 0.5246, 0.0063
0.75, 50.00, 0.4501, 10.3062, 0.4057, 0.0048
0.75, 50.00, 0.4571, 10.2565, 0.3015, 0.0036
0.75, 50.00, 0.4641, 10.2145, 0.2122, 0.0024
0.75, 50.00, 0.4711, 10.1802, 0.1381, 0.0015
0.75, 50.00, 0.4781, 10.1541, 0.0791, 0.0002
0.75, 50.00, 0.4850, 10.1320, 0.0392, 0.0025
0.75, 50.00, 0.4920, 10.1215, 0.0209, 0.0007
0.75, 50.00, 0.4990, 10.1173, 0.0002, 0.0073
0.50, 50.00, 0.1500, 31.5711, 17.6629, 0.5429
0.50, 50.00, 0.1570, 29.7542, 16.5280, 0.5024
0.50, 50.00, 0.1640, 28.1211, 15.4849, 0.4654
0.50, 50.00, 0.1709, 26.6477, 14.5232, 0.4315
0.50, 50.00, 0.1779, 25.3140, 13.6336, 0.4002
0.50, 50.00, 0.1849, 24.1028, 12.8084, 0.3714
0.50, 50.00, 0.1919, 22.9997, 12.0411, 0.3448
0.50, 50.00, 0.1989, 21.9924, 11.3256, 0.3201
0.50, 50.00, 0.2058, 21.0703, 10.6570, 0.2972
0.50, 50.00, 0.2128, 20.2243, 10.0309, 0.2759
0.50, 50.00, 0.2198, 19.4464, 9.4434, 0.2562
0.50, 50.00, 0.2268, 18.7298, 8.8910, 0.2377
0.50, 50.00, 0.2338, 18.0684, 8.3707, 0.2204
0.50, 50.00, 0.2407, 17.4570, 7.8798, 0.2044
0.50, 50.00, 0.2477, 16.8909, 7.4158, 0.1893
0.50, 50.00, 0.2547, 16.3662, 6.9766, 0.1752
0.50, 50.00, 0.2617, 15.8790, 6.5603, 0.1620
0.50, 50.00, 0.2687, 15.4264, 6.1650, 0.1496
0.50, 50.00, 0.2756, 15.0053, 5.7892, 0.1381
0.50, 50.00, 0.2826, 14.6133, 5.4317, 0.1272
0.50, 50.00, 0.2896, 14.2480, 5.0910, 0.1170
0.50, 50.00, 0.2966, 13.9074, 4.7659, 0.1074
0.50, 50.00, 0.3036, 13.5898, 4.4555, 0.0985
0.50, 50.00, 0.3105, 13.2934, 4.1588, 0.0900
0.50, 50.00, 0.3175, 13.0167, 3.8750, 0.0822
0.50, 50.00, 0.3245, 12.7579, 3.6039, 0.0754
0.50, 50.00, 0.3315, 12.5161, 3.3444, 0.0693
0.50, 50.00, 0.3385, 12.2906, 3.0956, 0.0635
0.50, 50.00, 0.3454, 12.0853, 2.8520, 0.0530
0.50, 50.00, 0.3524, 11.8893, 2.6231, 0.0478
0.50, 50.00, 0.3594, 11.7067, 2.4037, 0.0430
0.50, 50.00, 0.3664, 11.5369, 2.1933, 0.0385
0.50, 50.00, 0.3734, 11.3792, 1.9916, 0.0343
0.50, 50.00, 0.3803, 11.2329, 1.7987, 0.0304
0.50, 50.00, 0.3873, 11.0974, 1.6141, 0.0267
0.50, 50.00, 0.3943, 10.9724, 1.4381, 0.0233
0.50, 50.00, 0.4013, 10.8572, 1.2705, 0.0202
0.50, 50.00, 0.4083, 10.7515, 1.1116, 0.0173
0.50, 50.00, 0.4152, 10.6550, 0.9614, 0.0147
0.50, 50.00, 0.4222, 10.5673, 0.8202, 0.0123
0.50, 50.00, 0.4292, 10.4880, 0.6884, 0.0102
0.50, 50.00, 0.4362, 10.4170, 0.5664, 0.0082
0.50, 50.00, 0.4432, 10.3539, 0.4547, 0.0065
0.50, 50.00, 0.4501, 10.2986, 0.3539, 0.0049
0.50, 50.00, 0.4571, 10.2509, 0.2645, 0.0036
0.50, 50.00, 0.4641, 10.2107, 0.1871, 0.0025
0.50, 50.00, 0.4711, 10.1777, 0.1224, 0.0017
0.50, 50.00, 0.4781, 10.1520, 0.0709, 0.0009
0.50, 50.00, 0.4850, 10.1353, 0.0312, 0.0001
0.50, 50.00, 0.4920, 10.1210, 0.0104, 0.0010
0.50, 50.00, 0.4990, 10.1173, 0.0001, 0.0027
0.25, 50.00, 0.1500, 27.7238, 8.7550, 0.3096
0.25, 50.00, 0.1570, 26.3301, 8.2621, 0.2892
0.25, 50.00, 0.1640, 25.0671, 7.8059, 0.2703
0.25, 50.00, 0.1709, 23.9185, 7.3820, 0.2528
0.25, 50.00, 0.1779, 22.8706, 6.9868, 0.2365
0.25, 50.00, 0.1849, 21.9118, 6.6173, 0.2214
0.25, 50.00, 0.1919, 21.0322, 6.2708, 0.2073
0.25, 50.00, 0.1989, 20.2232, 5.9450, 0.1941
0.25, 50.00, 0.2058, 19.4776, 5.6380, 0.1818
0.25, 50.00, 0.2128, 18.7889, 5.3480, 0.1702
0.25, 50.00, 0.2198, 18.1517, 5.0735, 0.1594
0.25, 50.00, 0.2268, 17.5610, 4.8131, 0.1492
0.25, 50.00, 0.2338, 17.0127, 4.5656, 0.1397
0.25, 50.00, 0.2407, 16.5030, 4.3301, 0.1307
0.25, 50.00, 0.2477, 16.0285, 4.1055, 0.1222
0.25, 50.00, 0.2547, 15.5863, 3.8910, 0.1142
0.25, 50.00, 0.2617, 15.1738, 3.6858, 0.1066
0.25, 50.00, 0.2687, 14.7887, 3.4893, 0.0995
0.25, 50.00, 0.2756, 14.4288, 3.3008, 0.0928
0.25, 50.00, 0.2826, 14.0922, 3.1198, 0.0864
0.25, 50.00, 0.2896, 13.7774, 2.9458, 0.0804
0.25, 50.00, 0.2966, 13.4826, 2.7782, 0.0747
0.25, 50.00, 0.3036, 13.2067, 2.6167, 0.0693
0.25, 50.00, 0.3105, 12.9483, 2.4608, 0.0642
0.25, 50.00, 0.3175, 12.7063, 2.3103, 0.0593
0.25, 50.00, 0.3245, 12.4796, 2.1649, 0.0547
0.25, 50.00, 0.3315, 12.2675, 2.0242, 0.0503
0.25, 50.00, 0.3385, 12.0689, 1.8880, 0.0462
0.25, 50.00, 0.3454, 11.8832, 1.7561, 0.0423
0.25, 50.00, 0.3524, 11.7096, 1.6282, 0.0386
0.25, 50.00, 0.3594, 11.5472, 1.5046, 0.0353
0.25, 50.00, 0.3664, 11.3951, 1.3854, 0.0329
0.25, 50.00, 0.3734, 11.2536, 1.2697, 0.0306
0.25, 50.00, 0.3803, 11.1271, 1.1526, 0.0232
0.25, 50.00, 0.3873, 11.0051, 1.0440, 0.0210
0.25, 50.00, 0.3943, 10.8924, 0.9389, 0.0187
0.25, 50.00, 0.4013, 10.7884, 0.8374, 0.0166
0.25, 50.00, 0.4083, 10.6929, 0.7397, 0.0145
0.25, 50.00, 0.4152, 10.6056, 0.6461, 0.0126
0.25, 50.00, 0.4222, 10.5261, 0.5566, 0.0107
0.25, 50.00, 0.4292, 10.4543, 0.4718, 0.0090
0.25, 50.00, 0.4362, 10.3898, 0.3920, 0.0074
0.25, 50.00, 0.4432, 10.3325, 0.3177, 0.0059
0.25, 50.00, 0.4501, 10.2823, 0.2495, 0.0046
0.25, 50.00, 0.4571, 10.2389, 0.1880, 0.0034
0.25, 50.00, 0.4641, 10.2023, 0.1341, 0.0024
0.25, 50.00, 0.4711, 10.1723, 0.0883, 0.0016
0.25, 50.00, 0.4781, 10.1489, 0.0514, 0.0009
0.25, 50.00, 0.4850, 10.1325, 0.0236, 0.0001
0.25, 50.00, 0.4920, 10.1202, 0.0082, 0.0164
0.25, 50.00, 0.4990, 10.1173, 0.0003, 0.0007
1.00, 50.00, 0.1500, 36.3806, 37.1202, 0.9056
1.00, 50.00, 0.1570, 33.8860, 33.8942, 0.8216
1.00, 50.00, 0.1640, 31.6869, 31.0477, 0.7474
1.00, 50.00, 0.1709, 29.7379, 28.5201, 0.6814
1.00, 50.00, 0.1779, 28.0021, 26.2639, 0.6226
1.00, 50.00, 0.1849, 26.4494, 24.2390, 0.5697
1.00, 50.00, 0.1919, 25.0546, 22.4133, 0.5221
1.00, 50.00, 0.1989, 23.7971, 20.7588, 0.4790
1.00, 50.00, 0.2058, 22.6594, 19.2540, 0.4398
1.00, 50.00, 0.2128, 21.6268, 17.8800, 0.4041
1.00, 50.00, 0.2198, 20.6870, 16.6199, 0.3714
1.00, 50.00, 0.2268, 19.8292, 15.4613, 0.3415
1.00, 50.00, 0.2338, 19.0444, 14.3912, 0.3138
1.00, 50.00, 0.2407, 18.3248, 13.4007, 0.2885
1.00, 50.00, 0.2477, 17.6635, 12.4809, 0.2649
1.00, 50.00, 0.2547, 17.0547, 11.6244, 0.2432
1.00, 50.00, 0.2617, 16.4933, 10.8246, 0.2230
1.00, 50.00, 0.2687, 15.9747, 10.0762, 0.2042
1.00, 50.00, 0.2756, 15.4951, 9.3741, 0.1868
1.00, 50.00, 0.2826, 15.0509, 8.7144, 0.1707
1.00, 50.00, 0.2896, 14.6390, 8.0934, 0.1555
1.00, 50.00, 0.2966, 14.2568, 7.5075, 0.1415
1.00, 50.00, 0.3036, 13.9019, 6.9546, 0.1285
1.00, 50.00, 0.3105, 13.5720, 6.4314, 0.1164
1.00, 50.00, 0.3175, 13.2652, 5.9363, 0.1050
1.00, 50.00, 0.3245, 12.9799, 5.4676, 0.0945
1.00, 50.00, 0.3315, 12.7145, 5.0230, 0.0849
1.00, 50.00, 0.3385, 12.4676, 4.6018, 0.0758
1.00, 50.00, 0.3454, 12.2380, 4.2025, 0.0676
1.00, 50.00, 0.3524, 12.0245, 3.8242, 0.0599
1.00, 50.00, 0.3594, 11.8261, 3.4660, 0.0528
1.00, 50.00, 0.3664, 11.6420, 3.1270, 0.0462
1.00, 50.00, 0.3734, 11.4713, 2.8069, 0.0404
1.00, 50.00, 0.3803, 11.3132, 2.5050, 0.0351
1.00, 50.00, 0.3873, 11.1672, 2.2211, 0.0302
1.00, 50.00, 0.3943, 11.0325, 1.9545, 0.0258
1.00, 50.00, 0.4013, 10.9087, 1.7054, 0.0218
1.00, 50.00, 0.4083, 10.7953, 1.4734, 0.0182
1.00, 50.00, 0.4152, 10.6917, 1.2585, 0.0151
1.00, 50.00, 0.4222, 10.5977, 1.0603, 0.0124
1.00, 50.00, 0.4292, 10.5129, 0.8792, 0.0101
1.00, 50.00, 0.4362, 10.4370, 0.7147, 0.0080
1.00, 50.00, 0.4432, 10.3696, 0.5675, 0.0062
1.00, 50.00, 0.4501, 10.3106, 0.4369, 0.0047
1.00, 50.00, 0.4571, 10.2597, 0.3233, 0.0033
1.00, 50.00, 0.4641, 10.2168, 0.2268, 0.0023
1.00, 50.00, 0.4711, 10.1817, 0.1473, 0.0016
1.00, 50.00, 0.4781, 10.1543, 0.0847, 0.0009
1.00, 50.00, 0.4850, 10.1344, 0.0394, 0.0004
1.00, 50.00, 0.4920, 10.1221, 0.0112, 0.0002
1.00, 50.00, 0.4990, 10.1173, 0.0003, 0.0002
