0.99, 1000.00, 0.1500, 37.9417, 38.1021, 0.9053
0.99, 1000.00, 0.1570, 35.3264, 34.7771, 0.8202
0.99, 1000.00, 0.1640, 33.0216, 31.8472, 0.7441
0.99, 1000.00, 0.1709, 30.9796, 29.2438, 0.6761
0.99, 1000.00, 0.1779, 29.1616, 26.9211, 0.6175
0.99, 1000.00, 0.1849, 27.5357, 24.8351, 0.5638
0.99, 1000.00, 0.1919, 26.0757, 22.9547, 0.5160
0.99, 1000.00, 0.1989, 24.7597, 21.2530, 0.4713
0.99, 1000.00, 0.2058, 23.5694, 19.7030, 0.4318
0.99, 1000.00, 0.2128, 22.4894, 18.2913, 0.3979
0.99, 1000.00, 0.2198, 21.5066, 16.9956, 0.3650
0.99, 1000.00, 0.2268, 20.6099, 15.8021, 0.3340
0.99, 1000.00, 0.2338, 19.7896, 14.7016, 0.3042
0.99, 1000.00, 0.2407, 19.0376, 13.6849, 0.2806
0.99, 1000.00, 0.2477, 18.3467, 12.7398, 0.2555
0.99, 1000.00, 0.2547, 17.7108, 11.8594, 0.2343
0.99, 1000.00, 0.2617, 17.1245, 11.0398, 0.2154
0.99, 1000.00, 0.2687, 16.5831, 10.2706, 0.1955
0.99, 1000.00, 0.2756, 16.0823, 9.5498, 0.1770
0.99, 1000.00, 0.2826, 15.6187, 8.8748, 0.1617
0.99, 1000.00, 0.2896, 15.1889, 8.2382, 0.1459
0.99, 1000.00, 0.2966, 14.7901, 7.6364, 0.1330
0.99, 1000.00, 0.3036, 14.4197, 7.0722, 0.1215
0.99, 1000.00, 0.3105, 14.0757, 6.5357, 0.1071
0.99, 1000.00, 0.3175, 13.7562, 6.0300, 0.0957
0.99, 1000.00, 0.3245, 13.4591, 5.5476, 0.0855
0.99, 1000.00, 0.3315, 13.1828, 5.0950, 0.0766
0.99, 1000.00, 0.3385, 12.9257, 4.6648, 0.0690
0.99, 1000.00, 0.3454, 12.6866, 4.2577, 0.0580
0.99, 1000.00, 0.3524, 12.4644, 3.8708, 0.0528
0.99, 1000.00, 0.3594, 12.2529, 3.5100, 0.0480
0.99, 1000.00, 0.3664, 12.0613, 3.1666, 0.0426
0.99, 1000.00, 0.3734, 11.8837, 2.8410, 0.0369
0.99, 1000.00, 0.3803, 11.7192, 2.5329, 0.0321
0.99, 1000.00, 0.3873, 11.5672, 2.2457, 0.0281
0.99, 1000.00, 0.3943, 11.4271, 1.9740, 0.0245
0.99, 1000.00, 0.4013, 11.2983, 1.7237, 0.0184
0.99, 1000.00, 0.4083, 11.1803, 1.4874, 0.0149
0.99, 1000.00, 0.4152, 11.0726, 1.2680, 0.0136
0.99, 1000.00, 0.4222, 10.9748, 1.0677, 0.0103
0.99, 1000.00, 0.4292, 10.8866, 0.8852, 0.0073
0.99, 1000.00, 0.4362, 10.8076, 0.7217, 0.0082
0.99, 1000.00, 0.4432, 10.7375, 0.5709, 0.0062
0.99, 1000.00, 0.4501, 10.6761, 0.4408, 0.0043
0.99, 1000.00, 0.4571, 10.6232, 0.3244, 0.0054
0.99, 1000.00, 0.4641, 10.5786, 0.2267, 0.0064
0.99, 1000.00, 0.4711, 10.5420, 0.1482, 0.0044
0.99, 1000.00, 0.4781, 10.5135, 0.0866, 0.0059
0.99, 1000.00, 0.4850, 10.4929, 0.0388, 0.0041
0.99, 1000.00, 0.4920, 10.4801, 0.0103, 0.0056
0.99, 1000.00, 0.4990, 10.4751, 0.0043, 0.0038
0.75, 1000.00, 0.1500, 37.8099, 37.3504, 0.8927
0.75, 1000.00, 0.1570, 35.2160, 34.1322, 0.8107
0.75, 1000.00, 0.1640, 32.9285, 31.2868, 0.7368
0.75, 1000.00, 0.1709, 30.9006, 28.7556, 0.6702
0.75, 1000.00, 0.1779, 29.0942, 26.4917, 0.6112
0.75, 1000.00, 0.1849, 27.4779, 24.4560, 0.5583
0.75, 1000.00, 0.1919, 26.0259, 22.6206, 0.5120
0.75, 1000.00, 0.1989, 24.7166, 20.9552, 0.4686
0.75, 1000.00, 0.2058, 23.5320, 19.4380, 0.4289
0.75, 1000.00, 0.2128, 22.4568, 18.0514, 0.3944
0.75, 1000.00, 0.2198, 21.4781, 16.7791, 0.3605
0.75, 1000.00, 0.2268, 20.5849, 15.6077, 0.3317
0.75, 1000.00, 0.2338, 19.7676, 14.5278, 0.3031
0.75, 1000.00, 0.2407, 19.0183, 13.5252, 0.2792
0.75, 1000.00, 0.2477, 18.3297, 12.5952, 0.2557
0.75, 1000.00, 0.2547, 17.6957, 11.7275, 0.2321
0.75, 1000.00, 0.2617, 17.1112, 10.9187, 0.2135
0.75, 1000.00, 0.2687, 16.5712, 10.1613, 0.1947
0.75, 1000.00, 0.2756, 16.0718, 9.4516, 0.1760
0.75, 1000.00, 0.2826, 15.6093, 8.7829, 0.1609
0.75, 1000.00, 0.2896, 15.1806, 8.1555, 0.1471
0.75, 1000.00, 0.2966, 14.7827, 7.5624, 0.1331
0.75, 1000.00, 0.3036, 14.4132, 7.0040, 0.1210
0.75, 1000.00, 0.3105, 14.0698, 6.4755, 0.1091
0.75, 1000.00, 0.3175, 13.7505, 5.9739, 0.0983
0.75, 1000.00, 0.3245, 13.4536, 5.5011, 0.0861
0.75, 1000.00, 0.3315, 13.1773, 5.0531, 0.0777
0.75, 1000.00, 0.3385, 12.9204, 4.6274, 0.0679
0.75, 1000.00, 0.3454, 12.6814, 4.2252, 0.0619
0.75, 1000.00, 0.3524, 12.4592, 3.8430, 0.0548
0.75, 1000.00, 0.3594, 12.2528, 3.4827, 0.0468
0.75, 1000.00, 0.3664, 12.0613, 3.1418, 0.0404
0.75, 1000.00, 0.3734, 11.8836, 2.8196, 0.0351
0.75, 1000.00, 0.3803, 11.7192, 2.5142, 0.0305
0.75, 1000.00, 0.3873, 11.5672, 2.2298, 0.0268
0.75, 1000.00, 0.3943, 11.4271, 1.9626, 0.0215
0.75, 1000.00, 0.4013, 11.2983, 1.7108, 0.0194
0.75, 1000.00, 0.4083, 11.1803, 1.4788, 0.0149
0.75, 1000.00, 0.4152, 11.0726, 1.2625, 0.0137
0.75, 1000.00, 0.4222, 10.9748, 1.0643, 0.0100
0.75, 1000.00, 0.4292, 10.8866, 0.8822, 0.0079
0.75, 1000.00, 0.4362, 10.8076, 0.7168, 0.0063
0.75, 1000.00, 0.4432, 10.7375, 0.5684, 0.0044
0.75, 1000.00, 0.4501, 10.6761, 0.4368, 0.0046
0.75, 1000.00, 0.4571, 10.6232, 0.3229, 0.0028
0.75, 1000.00, 0.4641, 10.5801, 0.2245, 0.0032
0.75, 1000.00, 0.4711, 10.5398, 0.1500, 0.0038
0.75, 1000.00, 0.4781, 10.5122, 0.0856, 0.0049
0.75, 1000.00, 0.4850, 10.4923, 0.0396, 0.0036
0.75, 1000.00, 0.4920, 10.4800, 0.0107, 0.0046
0.75, 1000.00, 0.4990, 10.4751, 0.0034, 0.0030
0.50, 1000.00, 0.1500, 37.5443, 35.9037, 0.8726
0.50, 1000.00, 0.1570, 34.9930, 32.8840, 0.7925
0.50, 1000.00, 0.1640, 32.7402, 30.2008, 0.7204
0.50, 1000.00, 0.1709, 30.7403, 27.8049, 0.6575
0.50, 1000.00, 0.1779, 28.9563, 25.6569, 0.6007
0.50, 1000.00, 0.1849, 27.3586, 23.7196, 0.5500
0.50, 1000.00, 0.1919, 25.9222, 21.9650, 0.5051
0.50, 1000.00, 0.1989, 24.6311, 20.3653, 0.4582
0.50, 1000.00, 0.2058, 23.4576, 18.9087, 0.4201
0.50, 1000.00, 0.2128, 22.3918, 17.5763, 0.3858
0.50, 1000.00, 0.2198, 21.4212, 16.3509, 0.3543
0.50, 1000.00, 0.2268, 20.5349, 15.2209, 0.3246
0.50, 1000.00, 0.2338, 19.7237, 14.1759, 0.2989
0.50, 1000.00, 0.2407, 18.9795, 13.2068, 0.2743
0.50, 1000.00, 0.2477, 18.2954, 12.3055, 0.2506
0.50, 1000.00, 0.2547, 17.6654, 11.4648, 0.2297
0.50, 1000.00, 0.2617, 17.0842, 10.6795, 0.2102
0.50, 1000.00, 0.2687, 16.5473, 9.9439, 0.1930
0.50, 1000.00, 0.2756, 16.0506, 9.2536, 0.1754
0.50, 1000.00, 0.2826, 15.5905, 8.6035, 0.1592
0.50, 1000.00, 0.2896, 15.1638, 7.9924, 0.1446
0.50, 1000.00, 0.2966, 14.7678, 7.4141, 0.1316
0.50, 1000.00, 0.3036, 14.3999, 6.8689, 0.1181
0.50, 1000.00, 0.3105, 14.0580, 6.3532, 0.1070
0.50, 1000.00, 0.3175, 13.7400, 5.8646, 0.0964
0.50, 1000.00, 0.3245, 13.4442, 5.4032, 0.0854
0.50, 1000.00, 0.3315, 13.1691, 4.9647, 0.0772
0.50, 1000.00, 0.3385, 12.9131, 4.5502, 0.0680
0.50, 1000.00, 0.3454, 12.6749, 4.1556, 0.0602
0.50, 1000.00, 0.3524, 12.4535, 3.7823, 0.0529
0.50, 1000.00, 0.3594, 12.2478, 3.4284, 0.0471
0.50, 1000.00, 0.3664, 12.0568, 3.0939, 0.0402
0.50, 1000.00, 0.3734, 11.8798, 2.7789, 0.0349
0.50, 1000.00, 0.3803, 11.7158, 2.4810, 0.0304
0.50, 1000.00, 0.3873, 11.5643, 2.2010, 0.0269
0.50, 1000.00, 0.3943, 11.4246, 1.9371, 0.0226
0.50, 1000.00, 0.4013, 11.2962, 1.6916, 0.0178
0.50, 1000.00, 0.4083, 11.1785, 1.4623, 0.0158
0.50, 1000.00, 0.4152, 11.0711, 1.2489, 0.0122
0.50, 1000.00, 0.4222, 10.9736, 1.0531, 0.0101
0.50, 1000.00, 0.4292, 10.8856, 0.8731, 0.0089
0.50, 1000.00, 0.4362, 10.8068, 0.7099, 0.0057
0.50, 1000.00, 0.4432, 10.7369, 0.5636, 0.0054
0.50, 1000.00, 0.4501, 10.6756, 0.4342, 0.0030
0.50, 1000.00, 0.4571, 10.6228, 0.3230, 0.0020
0.50, 1000.00, 0.4641, 10.5783, 0.2262, 0.0031
0.50, 1000.00, 0.4711, 10.5419, 0.1467, 0.0025
0.50, 1000.00, 0.4781, 10.5152, 0.0831, 0.0025
0.50, 1000.00, 0.4850, 10.4914, 0.0399, 0.0017
0.50, 1000.00, 0.4920, 10.4797, 0.0111, 0.0023
0.50, 1000.00, 0.4990, 10.4751, 0.0018, 0.0031
0.25, 1000.00, 0.1500, 36.8114, 32.2515, 0.8149
0.25, 1000.00, 0.1570, 34.3745, 29.6927, 0.7425
0.25, 1000.00, 0.1640, 32.2151, 27.3970, 0.6772
0.25, 1000.00, 0.1709, 30.2923, 25.3288, 0.6197
0.25, 1000.00, 0.1779, 28.5729, 23.4588, 0.5673
0.25, 1000.00, 0.1849, 27.0291, 21.7599, 0.5200
0.25, 1000.00, 0.1919, 25.6379, 20.2114, 0.4767
0.25, 1000.00, 0.1989, 24.3799, 18.7950, 0.4374
0.25, 1000.00, 0.2058, 23.2388, 17.4952, 0.4018
0.25, 1000.00, 0.2128, 22.2006, 16.2993, 0.3698
0.25, 1000.00, 0.2198, 21.2537, 15.1950, 0.3397
0.25, 1000.00, 0.2268, 20.3877, 14.1724, 0.3119
0.25, 1000.00, 0.2338, 19.5940, 13.2232, 0.2864
0.25, 1000.00, 0.2407, 18.8651, 12.3397, 0.2628
0.25, 1000.00, 0.2477, 18.1943, 11.5154, 0.2410
0.25, 1000.00, 0.2547, 17.5755, 10.7452, 0.2216
0.25, 1000.00, 0.2617, 17.0037, 10.0240, 0.2035
0.25, 1000.00, 0.2687, 16.4751, 9.3469, 0.1867
0.25, 1000.00, 0.2756, 15.9857, 8.7097, 0.1709
0.25, 1000.00, 0.2826, 15.5371, 8.1045, 0.1517
0.25, 1000.00, 0.2896, 15.1162, 7.5377, 0.1377
0.25, 1000.00, 0.2966, 14.7253, 7.0025, 0.1256
0.25, 1000.00, 0.3036, 14.3620, 6.4960, 0.1139
0.25, 1000.00, 0.3105, 14.0242, 6.0161, 0.1029
0.25, 1000.00, 0.3175, 13.7100, 5.5612, 0.0924
0.25, 1000.00, 0.3245, 13.4175, 5.1300, 0.0830
0.25, 1000.00, 0.3315, 13.1453, 4.7199, 0.0746
0.25, 1000.00, 0.3385, 12.8920, 4.3315, 0.0661
0.25, 1000.00, 0.3454, 12.6562, 3.9620, 0.0586
0.25, 1000.00, 0.3524, 12.4370, 3.6122, 0.0521
0.25, 1000.00, 0.3594, 12.2333, 3.2793, 0.0459
0.25, 1000.00, 0.3664, 12.0441, 2.9647, 0.0402
0.25, 1000.00, 0.3734, 11.8686, 2.6664, 0.0344
0.25, 1000.00, 0.3803, 11.7061, 2.3844, 0.0302
0.25, 1000.00, 0.3873, 11.5559, 2.1185, 0.0257
0.25, 1000.00, 0.3943, 11.4174, 1.8679, 0.0214
0.25, 1000.00, 0.4013, 11.2900, 1.6339, 0.0186
0.25, 1000.00, 0.4083, 11.1732, 1.4142, 0.0151
0.25, 1000.00, 0.4152, 11.0667, 1.2109, 0.0130
0.25, 1000.00, 0.4222, 10.9699, 1.0224, 0.0104
0.25, 1000.00, 0.4292, 10.8826, 0.8496, 0.0086
0.25, 1000.00, 0.4362, 10.8044, 0.6923, 0.0067
0.25, 1000.00, 0.4432, 10.7350, 0.5507, 0.0050
0.25, 1000.00, 0.4501, 10.6742, 0.4246, 0.0040
0.25, 1000.00, 0.4571, 10.6218, 0.3149, 0.0025
0.25, 1000.00, 0.4641, 10.5776, 0.2214, 0.0021
0.25, 1000.00, 0.4711, 10.5414, 0.1434, 0.0010
0.25, 1000.00, 0.4781, 10.5132, 0.0832, 0.0010
0.25, 1000.00, 0.4850, 10.4943, 0.0370, 0.0017
0.25, 1000.00, 0.4920, 10.4791, 0.0122, 0.0052
0.25, 1000.00, 0.4990, 10.4751, 0.0009, 0.0024
0.99, 100.00, 0.1500, 37.1221, 37.4106, 0.9037
0.99, 100.00, 0.1570, 34.5750, 34.1664, 0.8193
0.99, 100.00, 0.1640, 32.3294, 31.3016, 0.7447
0.99, 100.00, 0.1709, 30.3390, 28.7564, 0.6786
0.99, 100.00, 0.1779, 28.5663, 26.4831, 0.6193
0.99, 100.00, 0.1849, 26.9803, 24.4421, 0.5663
0.99, 100.00, 0.1919, 25.5557, 22.6009, 0.5185
0.99, 100.00, 0.1989, 24.2713, 20.9325, 0.4754
0.99, 100.00, 0.2058, 23.1092, 19.4143, 0.4357
0.99, 100.00, 0.2128, 22.0545, 18.0274, 0.4000
0.99, 100.00, 0.2198, 21.0945, 16.7557, 0.3671
0.99, 100.00, 0.2268, 20.2184, 15.5859, 0.3372
0.99, 100.00, 0.2338, 19.4168, 14.5057, 0.3095
0.99, 100.00, 0.2407, 18.6818, 13.5054, 0.2841
0.99, 100.00, 0.2477, 18.0064, 12.5766, 0.2604
0.99, 100.00, 0.2547, 17.3846, 11.7116, 0.2386
0.99, 100.00, 0.2617, 16.8112, 10.9041, 0.2184
0.99, 100.00, 0.2687, 16.2816, 10.1483, 0.2000
0.99, 100.00, 0.2756, 15.7918, 9.4397, 0.1825
0.99, 100.00, 0.2826, 15.3381, 8.7738, 0.1663
0.99, 100.00, 0.2896, 14.9176, 8.1467, 0.1513
0.99, 100.00, 0.2966, 14.5273, 7.5557, 0.1374
0.99, 100.00, 0.3036, 14.1648, 6.9976, 0.1243
0.99, 100.00, 0.3105, 13.8280, 6.4699, 0.1123
0.99, 100.00, 0.3175, 13.5148, 5.9706, 0.1012
0.99, 100.00, 0.3245, 13.2235, 5.4978, 0.0908
0.99, 100.00, 0.3315, 12.9525, 5.0501, 0.0812
0.99, 100.00, 0.3385, 12.7005, 4.6255, 0.0724
0.99, 100.00, 0.3454, 12.4660, 4.2233, 0.0643
0.99, 100.00, 0.3524, 12.2481, 3.8423, 0.0569
0.99, 100.00, 0.3594, 12.0456, 3.4816, 0.0499
0.99, 100.00, 0.3664, 11.8576, 3.1406, 0.0437
0.99, 100.00, 0.3734, 11.6833, 2.8185, 0.0378
0.99, 100.00, 0.3803, 11.5220, 2.5150, 0.0327
0.99, 100.00, 0.3873, 11.3729, 2.2294, 0.0280
0.99, 100.00, 0.3943, 11.2355, 1.9617, 0.0238
0.99, 100.00, 0.4013, 11.1091, 1.7111, 0.0203
0.99, 100.00, 0.4083, 10.9933, 1.4783, 0.0169
0.99, 100.00, 0.4152, 10.8876, 1.2624, 0.0138
0.99, 100.00, 0.4222, 10.7917, 1.0634, 0.0114
0.99, 100.00, 0.4292, 10.7054, 0.8814, 0.0087
0.99, 100.00, 0.4362, 10.6288, 0.7155, 0.0058
0.99, 100.00, 0.4432, 10.5608, 0.5669, 0.0034
0.99, 100.00, 0.4501, 10.4963, 0.4403, 0.0067
0.99, 100.00, 0.4571, 10.4450, 0.3259, 0.0046
0.99, 100.00, 0.4641, 10.4017, 0.2284, 0.0033
0.99, 100.00, 0.4711, 10.3662, 0.1484, 0.0019
0.99, 100.00, 0.4781, 10.3386, 0.0855, 0.0010
0.99, 100.00, 0.4850, 10.3186, 0.0399, 0.0006
0.99, 100.00, 0.4920, 10.3062, 0.0111, 0.0084
0.99, 100.00, 0.4990, 10.3013, 0.0006, 0.0075
0.75, 100.00, 0.1500, 35.9620, 31.4083, 0.8097
0.75, 100.00, 0.1570, 33.5969, 28.9389, 0.7383
0.75, 100.00, 0.1640, 31.4997, 26.7213, 0.6747
0.75, 100.00, 0.1709, 29.6312, 24.7213, 0.6176
0.75, 100.00, 0.1779, 27.9595, 22.9100, 0.5661
0.75, 100.00, 0.1849, 26.4577, 21.2637, 0.5194
0.75, 100.00, 0.1919, 25.1037, 19.7618, 0.4774
0.75, 100.00, 0.1989, 23.8788, 18.3870, 0.4387
0.75, 100.00, 0.2058, 22.7673, 17.1244, 0.4036
0.75, 100.00, 0.2128, 21.7557, 15.9614, 0.3713
0.75, 100.00, 0.2198, 20.8326, 14.8871, 0.3416
0.75, 100.00, 0.2268, 19.9882, 13.8915, 0.3144
0.75, 100.00, 0.2338, 19.2141, 12.9669, 0.2890
0.75, 100.00, 0.2407, 18.5028, 12.1060, 0.2660
0.75, 100.00, 0.2477, 17.8473, 11.3031, 0.2451
0.75, 100.00, 0.2547, 17.2430, 10.5517, 0.2256
0.75, 100.00, 0.2617, 16.6850, 9.8476, 0.2077
0.75, 100.00, 0.2687, 16.1738, 9.1808, 0.1857
0.75, 100.00, 0.2756, 15.6959, 8.5582, 0.1702
0.75, 100.00, 0.2826, 15.2528, 7.9712, 0.1556
0.75, 100.00, 0.2896, 14.8416, 7.4170, 0.1419
0.75, 100.00, 0.2966, 14.4596, 6.8930, 0.1291
0.75, 100.00, 0.3036, 14.1045, 6.3969, 0.1172
0.75, 100.00, 0.3105, 13.7743, 5.9270, 0.1061
0.75, 100.00, 0.3175, 13.4670, 5.4811, 0.0958
0.75, 100.00, 0.3245, 13.1810, 5.0580, 0.0863
0.75, 100.00, 0.3315, 12.9148, 4.6563, 0.0774
0.75, 100.00, 0.3385, 12.6670, 4.2746, 0.0691
0.75, 100.00, 0.3454, 12.4364, 3.9120, 0.0617
0.75, 100.00, 0.3524, 12.2219, 3.5679, 0.0546
0.75, 100.00, 0.3594, 12.0226, 3.2411, 0.0483
0.75, 100.00, 0.3664, 11.8374, 2.9311, 0.0423
0.75, 100.00, 0.3734, 11.6657, 2.6376, 0.0369
0.75, 100.00, 0.3803, 11.5066, 2.3599, 0.0320
0.75, 100.00, 0.3873, 11.3596, 2.0976, 0.0275
0.75, 100.00, 0.3943, 11.2240, 1.8507, 0.0236
0.75, 100.00, 0.4013, 11.0993, 1.6192, 0.0199
0.75, 100.00, 0.4083, 10.9850, 1.4026, 0.0166
0.75, 100.00, 0.4152, 10.8806, 1.2013, 0.0139
0.75, 100.00, 0.4222, 10.7859, 1.0147, 0.0114
0.75, 100.00, 0.4292, 10.7004, 0.8434, 0.0092
0.75, 100.00, 0.4362, 10.6238, 0.6875, 0.0073
0.75, 100.00, 0.4432, 10.5558, 0.5471, 0.0057
0.75, 100.00, 0.4501, 10.4963, 0.4220, 0.0043
0.75, 100.00, 0.4571, 10.4450, 0.3129, 0.0030
0.75, 100.00, 0.4641, 10.4017, 0.2198, 0.0020
0.75, 100.00, 0.4711, 10.3663, 0.1430, 0.0014
0.75, 100.00, 0.4781, 10.3395, 0.0815, 0.0005
0.75, 100.00, 0.4850, 10.3167, 0.0404, 0.0024
0.75, 100.00, 0.4920, 10.3056, 0.0115, 0.0660
0.75, 100.00, 0.4990, 10.3013, 0.0004, 0.0082
0.50, 100.00, 0.1500, 34.1190, 23.9073, 0.6716
0.50, 100.00, 0.1570, 32.0182, 22.2299, 0.6171
0.50, 100.00, 0.1640, 30.1412, 20.7007, 0.5678
0.50, 100.00, 0.1709, 28.4575, 19.3019, 0.5229
0.50, 100.00, 0.1779, 26.9413, 18.0181, 0.4821
0.50, 100.00, 0.1849, 25.5714, 16.8365, 0.4448
0.50, 100.00, 0.1919, 24.3297, 15.7458, 0.4105
0.50, 100.00, 0.1989, 23.2009, 14.7364, 0.3791
0.50, 100.00, 0.2058, 22.1718, 13.7997, 0.3500
0.50, 100.00, 0.2128, 21.2314, 12.9286, 0.3234
0.50, 100.00, 0.2198, 20.3699, 12.1165, 0.2986
0.50, 100.00, 0.2268, 19.5791, 11.3579, 0.2757
0.50, 100.00, 0.2338, 18.8516, 10.6477, 0.2544
0.50, 100.00, 0.2407, 18.1813, 9.9816, 0.2347
0.50, 100.00, 0.2477, 17.5624, 9.3557, 0.2164
0.50, 100.00, 0.2547, 16.9903, 8.7662, 0.1992
0.50, 100.00, 0.2617, 16.4606, 8.2107, 0.1831
0.50, 100.00, 0.2687, 15.9696, 7.6858, 0.1683
0.50, 100.00, 0.2756, 15.5139, 7.1895, 0.1543
0.50, 100.00, 0.2826, 15.0905, 6.7194, 0.1414
0.50, 100.00, 0.2896, 14.6969, 6.2736, 0.1292
0.50, 100.00, 0.2966, 14.3306, 5.8502, 0.1179
0.50, 100.00, 0.3036, 13.9895, 5.4478, 0.1073
0.50, 100.00, 0.3105, 13.6710, 5.0658, 0.0984
0.50, 100.00, 0.3175, 13.3742, 4.7021, 0.0899
0.50, 100.00, 0.3245, 13.0977, 4.3554, 0.0819
0.50, 100.00, 0.3315, 12.8450, 4.0198, 0.0695
0.50, 100.00, 0.3385, 12.6049, 3.7045, 0.0626
0.50, 100.00, 0.3454, 12.3813, 3.4036, 0.0562
0.50, 100.00, 0.3524, 12.1732, 3.1165, 0.0501
0.50, 100.00, 0.3594, 11.9795, 2.8428, 0.0446
0.50, 100.00, 0.3664, 11.7995, 2.5818, 0.0395
0.50, 100.00, 0.3734, 11.6325, 2.3334, 0.0348
0.50, 100.00, 0.3803, 11.4776, 2.0970, 0.0303
0.50, 100.00, 0.3873, 11.3344, 1.8726, 0.0264
0.50, 100.00, 0.3943, 11.2023, 1.6599, 0.0227
0.50, 100.00, 0.4013, 11.0807, 1.4589, 0.0194
0.50, 100.00, 0.4083, 10.9692, 1.2698, 0.0165
0.50, 100.00, 0.4152, 10.8674, 1.0925, 0.0137
0.50, 100.00, 0.4222, 10.7749, 0.9273, 0.0113
0.50, 100.00, 0.4292, 10.6914, 0.7742, 0.0092
0.50, 100.00, 0.4362, 10.6166, 0.6339, 0.0074
0.50, 100.00, 0.4432, 10.5502, 0.5064, 0.0058
0.50, 100.00, 0.4501, 10.4920, 0.3923, 0.0044
0.50, 100.00, 0.4571, 10.4418, 0.2919, 0.0033
0.50, 100.00, 0.4641, 10.3995, 0.2058, 0.0022
0.50, 100.00, 0.4711, 10.3648, 0.1342, 0.0014
0.50, 100.00, 0.4781, 10.3378, 0.0774, 0.0007
0.50, 100.00, 0.4850, 10.3199, 0.0344, 0.0003
0.50, 100.00, 0.4920, 10.3051, 0.0360, 0.0048
0.50, 100.00, 0.4990, 10.3013, 0.0003, 0.0013
0.25, 100.00, 0.1500, 30.7949, 14.1213, 0.4484
0.25, 100.00, 0.1570, 29.1059, 13.2603, 0.4161
0.25, 100.00, 0.1640, 27.5829, 12.4652, 0.3858
0.25, 100.00, 0.1709, 26.2042, 11.7292, 0.3578
0.25, 100.00, 0.1779, 24.9519, 11.0460, 0.3319
0.25, 100.00, 0.1849, 23.8060, 10.4148, 0.3130
0.25, 100.00, 0.1919, 22.7636, 9.8209, 0.2909
0.25, 100.00, 0.1989, 21.8090, 9.2651, 0.2705
0.25, 100.00, 0.2058, 20.9326, 8.7438, 0.2515
0.25, 100.00, 0.2128, 20.1263, 8.2538, 0.2338
0.25, 100.00, 0.2198, 19.3831, 7.7922, 0.2173
0.25, 100.00, 0.2268, 18.6967, 7.3567, 0.2019
0.25, 100.00, 0.2338, 18.0618, 6.9450, 0.1875
0.25, 100.00, 0.2407, 17.4735, 6.5552, 0.1741
0.25, 100.00, 0.2477, 16.9278, 6.1854, 0.1615
0.25, 100.00, 0.2547, 16.4209, 5.8342, 0.1497
0.25, 100.00, 0.2617, 15.9494, 5.5002, 0.1387
0.25, 100.00, 0.2687, 15.5105, 5.1820, 0.1283
0.25, 100.00, 0.2756, 15.1016, 4.8786, 0.1185
0.25, 100.00, 0.2826, 14.7202, 4.5889, 0.1094
0.25, 100.00, 0.2896, 14.3644, 4.3120, 0.1008
0.25, 100.00, 0.2966, 14.0321, 4.0469, 0.0927
0.25, 100.00, 0.3036, 13.7218, 3.7931, 0.0852
0.25, 100.00, 0.3105, 13.4319, 3.5497, 0.0781
0.25, 100.00, 0.3175, 13.1609, 3.3161, 0.0714
0.25, 100.00, 0.3245, 12.9077, 3.0917, 0.0652
0.25, 100.00, 0.3315, 12.6712, 2.8761, 0.0593
0.25, 100.00, 0.3385, 12.4502, 2.6688, 0.0538
0.25, 100.00, 0.3454, 12.2439, 2.4694, 0.0487
0.25, 100.00, 0.3524, 12.0514, 2.2776, 0.0440
0.25, 100.00, 0.3594, 11.8709, 2.0939, 0.0405
0.25, 100.00, 0.3664, 11.7030, 1.9170, 0.0371
0.25, 100.00, 0.3734, 11.5470, 1.7469, 0.0340
0.25, 100.00, 0.3803, 11.4072, 1.5782, 0.0259
0.25, 100.00, 0.3873, 11.2731, 1.4211, 0.0230
0.25, 100.00, 0.3943, 11.1492, 1.2704, 0.0203
0.25, 100.00, 0.4013, 11.0352, 1.1263, 0.0177
0.25, 100.00, 0.4083, 10.9305, 0.9888, 0.0153
0.25, 100.00, 0.4152, 10.8348, 0.8583, 0.0131
0.25, 100.00, 0.4222, 10.7478, 0.7348, 0.0111
0.25, 100.00, 0.4292, 10.6692, 0.6190, 0.0091
0.25, 100.00, 0.4362, 10.5987, 0.5111, 0.0074
0.25, 100.00, 0.4432, 10.5361, 0.4117, 0.0059
0.25, 100.00, 0.4501, 10.4813, 0.3215, 0.0046
0.25, 100.00, 0.4571, 10.4339, 0.2410, 0.0034
0.25, 100.00, 0.4641, 10.3940, 0.1709, 0.0024
0.25, 100.00, 0.4711, 10.3613, 0.1121, 0.0016
0.25, 100.00, 0.4781, 10.3357, 0.0651, 0.0009
0.25, 100.00, 0.4850, 10.3173, 0.0305, 0.0004
0.25, 100.00, 0.4920, 10.3043, 0.0102, 0.0010
0.25, 100.00, 0.4990, 10.3013, 0.0001, 0.0060
0.99, 50.00, 0.1500, 36.3042, 36.6722, 0.8989
0.99, 50.00, 0.1570, 33.8219, 33.5098, 0.8159
0.99, 50.00, 0.1640, 31.6329, 30.7149, 0.7425
0.99, 50.00, 0.1709, 29.6920, 28.2302, 0.6772
0.99, 50.00, 0.1779, 27.9630, 26.0094, 0.6189
0.99, 50.00, 0.1849, 26.4158, 24.0146, 0.5665
0.99, 50.00, 0.1919, 25.0257, 22.2140, 0.5193
0.99, 50.00, 0.1989, 23.7720, 20.5817, 0.4765
0.99, 50.00, 0.2058, 22.6376, 19.0957, 0.4376
0.99, 50.00, 0.2128, 21.6079, 17.7376, 0.4021
0.99, 50.00, 0.2198, 20.6704, 16.4920, 0.3696
0.99, 50.00, 0.2268, 19.8147, 15.3454, 0.3398
0.99, 50.00, 0.2338, 19.0316, 14.2866, 0.3125
0.99, 50.00, 0.2407, 18.3135, 13.3057, 0.2873
0.99, 50.00, 0.2477, 17.6536, 12.3946, 0.2638
0.99, 50.00, 0.2547, 17.0459, 11.5457, 0.2422
0.99, 50.00, 0.2617, 16.4855, 10.7530, 0.2221
0.99, 50.00, 0.2687, 15.9678, 10.0111, 0.2035
0.99, 50.00, 0.2756, 15.4889, 9.3149, 0.1861
0.99, 50.00, 0.2826, 15.0454, 8.6607, 0.1701
0.99, 50.00, 0.2896, 14.6342, 8.0444, 0.1550
0.99, 50.00, 0.2966, 14.2525, 7.4632, 0.1411
0.99, 50.00, 0.3036, 13.8980, 6.9143, 0.1281
0.99, 50.00, 0.3105, 13.5686, 6.3951, 0.1159
0.99, 50.00, 0.3175, 13.2622, 5.9036, 0.1047
0.99, 50.00, 0.3245, 12.9773, 5.4381, 0.0942
0.99, 50.00, 0.3315, 12.7121, 4.9969, 0.0846
0.99, 50.00, 0.3385, 12.4655, 4.5784, 0.0756
0.99, 50.00, 0.3454, 12.2361, 4.1818, 0.0673
0.99, 50.00, 0.3524, 12.0229, 3.8060, 0.0598
0.99, 50.00, 0.3594, 11.8247, 3.4501, 0.0527
0.99, 50.00, 0.3664, 11.6408, 3.1133, 0.0462
0.99, 50.00, 0.3734, 11.4702, 2.7950, 0.0403
0.99, 50.00, 0.3803, 11.3123, 2.4949, 0.0351
0.99, 50.00, 0.3873, 11.1664, 2.2124, 0.0302
0.99, 50.00, 0.3943, 11.0318, 1.9474, 0.0258
0.99, 50.00, 0.4013, 10.9081, 1.6995, 0.0218
0.99, 50.00, 0.4083, 10.7948, 1.4686, 0.0182
0.99, 50.00, 0.4152, 10.6913, 1.2545, 0.0151
0.99, 50.00, 0.4222, 10.5974, 1.0572, 0.0124
0.99, 50.00, 0.4292, 10.5126, 0.8766, 0.0101
0.99, 50.00, 0.4362, 10.4367, 0.7129, 0.0080
0.99, 50.00, 0.4432, 10.3694, 0.5660, 0.0062
0.99, 50.00, 0.4501, 10.3114, 0.4348, 0.0036
0.99, 50.00, 0.4571, 10.2616, 0.3206, 0.0014
0.99, 50.00, 0.4641, 10.2146, 0.2283, 0.0044
0.99, 50.00, 0.4711, 10.1803, 0.1483, 0.0028
0.99, 50.00, 0.4781, 10.1535, 0.0853, 0.0016
0.99, 50.00, 0.4850, 10.1341, 0.0397, 0.0008
0.99, 50.00, 0.4920, 10.1220, 0.0113, 0.0054
0.99, 50.00, 0.4990, 10.1173, 0.0039, 0.0012
0.75, 50.00, 0.1500, 34.2677, 26.8611, 0.7357
0.75, 50.00, 0.1570, 32.0950, 24.8845, 0.6744
0.75, 50.00, 0.1640, 30.1603, 23.0931, 0.6192
0.75, 50.00, 0.1709, 28.4300, 21.4637, 0.5693
0.75, 50.00, 0.1779, 26.8763, 19.9764, 0.5241
0.75, 50.00, 0.1849, 25.4762, 18.6144, 0.4827
0.75, 50.00, 0.1919, 24.2101, 17.3634, 0.4451
0.75, 50.00, 0.1989, 23.0616, 16.2108, 0.4107
0.75, 50.00, 0.2058, 22.0168, 15.1459, 0.3790
0.75, 50.00, 0.2128, 21.0638, 14.1596, 0.3498
0.75, 50.00, 0.2198, 20.1923, 13.2436, 0.3229
0.75, 50.00, 0.2268, 19.3936, 12.3909, 0.2980
0.75, 50.00, 0.2338, 18.6599, 11.5953, 0.2750
0.75, 50.00, 0.2407, 17.9848, 10.8513, 0.2536
0.75, 50.00, 0.2477, 17.3624, 10.1542, 0.2337
0.75, 50.00, 0.2547, 16.7876, 9.4998, 0.2151
0.75, 50.00, 0.2617, 16.2561, 8.8842, 0.1980
0.75, 50.00, 0.2687, 15.7637, 8.3044, 0.1821
0.75, 50.00, 0.2756, 15.3065, 7.7577, 0.1679
0.75, 50.00, 0.2826, 14.8823, 7.2408, 0.1545
0.75, 50.00, 0.2896, 14.4882, 6.7516, 0.1420
0.75, 50.00, 0.2966, 14.1268, 6.2829, 0.1252
0.75, 50.00, 0.3036, 13.7859, 5.8429, 0.1142
0.75, 50.00, 0.3105, 13.4687, 5.4249, 0.1040
0.75, 50.00, 0.3175, 13.1732, 5.0274, 0.0945
0.75, 50.00, 0.3245, 12.8981, 4.6494, 0.0855
0.75, 50.00, 0.3315, 12.6418, 4.2894, 0.0771
0.75, 50.00, 0.3385, 12.4031, 3.9467, 0.0693
0.75, 50.00, 0.3454, 12.1808, 3.6203, 0.0621
0.75, 50.00, 0.3524, 11.9740, 3.3095, 0.0554
0.75, 50.00, 0.3594, 11.7816, 3.0137, 0.0492
0.75, 50.00, 0.3664, 11.6029, 2.7323, 0.0435
0.75, 50.00, 0.3734, 11.4371, 2.4648, 0.0382
0.75, 50.00, 0.3803, 11.2834, 2.2111, 0.0334
0.75, 50.00, 0.3873, 11.1414, 1.9707, 0.0289
0.75, 50.00, 0.3943, 11.0103, 1.7435, 0.0249
0.75, 50.00, 0.4013, 10.8897, 1.5294, 0.0214
0.75, 50.00, 0.4083, 10.7792, 1.3284, 0.0181
0.75, 50.00, 0.4152, 10.6782, 1.1406, 0.0152
0.75, 50.00, 0.4222, 10.5865, 0.9662, 0.0125
0.75, 50.00, 0.4292, 10.5038, 0.8051, 0.0102
0.75, 50.00, 0.4362, 10.4296, 0.6579, 0.0081
0.75, 50.00, 0.4432, 10.3638, 0.5246, 0.0063
0.75, 50.00, 0.4501, 10.3062, 0.4057, 0.0048
0.75, 50.00, 0.4571, 10.2565, 0.3015, 0.0036
0.75, 50.00, 0.4641, 10.2145, 0.2122, 0.0024
0.75, 50.00, 0.4711, 10.1802, 0.1381, 0.0015
0.75, 50.00, 0.4781, 10.1541, 0.0791, 0.0002
0.75, 50.00, 0.4850, 10.1320, 0.0392, 0.0025
0.75, 50.00, 0.4920, 10.1215, 0.0209, 0.0007
0.75, 50.00, 0.4990, 10.1173, 0.0002, 0.0073
0.50, 50.00, 0.1500, 31.5711, 17.6629, 0.5429
0.50, 50.00, 0.1570, 29.7542, 16.5280, 0.5024
0.50, 50.00, 0.1640, 28.1211, 15.4849, 0.4654
0.50, 50.00, 0.1709, 26.6477, 14.5232, 0.4315
0.50, 50.00, 0.1779, 25.3140, 13.6336, 0.4002
0.50, 50.00, 0.1849, 24.1028, 12.8084, 0.3714
0.50, 50.00, 0.1919, 22.9997, 12.0411, 0.3448
0.50, 50.00, 0.1989, 21.9924, 11.3256, 0.3201
0.50, 50.00, 0.2058, 21.0703, 10.6570, 0.2972
0.50, 50.00, 0.2128, 20.2243, 10.0309, 0.2759
0.50, 50.00, 0.2198, 19.4464, 9.4434, 0.2562
0.50, 50.00, 0.2268, 18.7298, 8.8910, 0.2377
0.50, 50.00, 0.2338, 18.0684, 8.3707, 0.2204
0.50, 50.00, 0.2407, 17.4570, 7.8798, 0.2044
0.50, 50.00, 0.2477, 16.8909, 7.4158, 0.1893
0.50, 50.00, 0.2547, 16.3662, 6.9766, 0.1752
0.50, 50.00, 0.2617, 15.8790, 6.5603, 0.1620
0.50, 50.00, 0.2687, 15.4264, 6.1650, 0.1496
0.50, 50.00, 0.2756, 15.0053, 5.7892, 0.1381
0.50, 50.00, 0.2826, 14.6133, 5.4317, 0.1272
0.50, 50.00, 0.2896, 14.2480, 5.0910, 0.1170
0.50, 50.00, 0.2966, 13.9074, 4.7659, 0.1074
0.50, 50.00, 0.3036, 13.5898, 4.4555, 0.0985
0.50, 50.00, 0.3105, 13.2934, 4.1588, 0.0900
0.50, 50.00, 0.3175, 13.0167, 3.8750, 0.0822
0.50, 50.00, 0.3245, 12.7579, 3.6039, 0.0754
0.50, 50.00, 0.3315, 12.5161, 3.3444, 0.0693
0.50, 50.00, 0.3385, 12.2906, 3.0956, 0.0635
0.50, 50.00, 0.3454, 12.0853, 2.8520, 0.0530
0.50, 50.00, 0.3524, 11.8893, 2.6231, 0.0478
0.50, 50.00, 0.3594, 11.7067, 2.4037, 0.0430
0.50, 50.00, 0.3664, 11.5369, 2.1933, 0.0385
0.50, 50.00, 0.3734, 11.3792, 1.9916, 0.0343
0.50, 50.00, 0.3803, 11.2329, 1.7987, 0.0304
0.50, 50.00, 0.3873, 11.0974, 1.6141, 0.0267
0.50, 50.00, 0.3943, 10.9724, 1.4381, 0.0233
0.50, 50.00, 0.4013, 10.8572, 1.2705, 0.0202
0.50, 50.00, 0.4083, 10.7515, 1.1116, 0.0173
0.50, 50.00, 0.4152, 10.6550, 0.9614, 0.0147
0.50, 50.00, 0.4222, 10.5673, 0.8202, 0.0123
0.50, 50.00, 0.4292, 10.4880, 0.6884, 0.0102
0.50, 50.00, 0.4362, 10.4170, 0.5664, 0.0082
0.50, 50.00, 0.4432, 10.3539, 0.4547, 0.0065
0.50, 50.00, 0.4501, 10.2986, 0.3539, 0.0049
0.50, 50.00, 0.4571, 10.2509, 0.2645, 0.0036
0.50, 50.00, 0.4641, 10.2107, 0.1871, 0.0025
0.50, 50.00, 0.4711, 10.1777, 0.1224, 0.0017
0.50, 50.00, 0.4781, 10.1520, 0.0709, 0.0009
0.50, 50.00, 0.4850, 10.1353, 0.0312, 0.0001
0.50, 50.00, 0.4920, 10.1210, 0.0104, 0.0010
0.50, 50.00, 0.4990, 10.1173, 0.0001, 0.0027
0.25, 50.00, 0.1500, 27.7238, 8.7550, 0.3096
0.25, 50.00, 0.1570, 26.3301, 8.2621, 0.2892
0.25, 50.00, 0.1640, 25.0671, 7.8059, 0.2703
0.25, 50.00, 0.1709, 23.9185, 7.3820, 0.2528
0.25, 50.00, 0.1779, 22.8706, 6.9868, 0.2365
0.25, 50.00, 0.1849, 21.9118, 6.6173, 0.2214
0.25, 50.00, 0.1919, 21.0322, 6.2708, 0.2073
0.25, 50.00, 0.1989, 20.2232, 5.9450, 0.1941
0.25, 50.00, 0.2058, 19.4776, 5.6380, 0.1818
0.25, 50.00, 0.2128, 18.7889, 5.3480, 0.1702
0.25, 50.00, 0.2198, 18.1517, 5.0735, 0.1594
0.25, 50.00, 0.2268, 17.5610, 4.8131, 0.1492
0.25, 50.00, 0.2338, 17.0127, 4.5656, 0.1397
0.25, 50.00, 0.2407, 16.5030, 4.3301, 0.1307
0.25, 50.00, 0.2477, 16.0285, 4.1055, 0.1222
0.25, 50.00, 0.2547, 15.5863, 3.8910, 0.1142
0.25, 50.00, 0.2617, 15.1738, 3.6858, 0.1066
0.25, 50.00, 0.2687, 14.7887, 3.4893, 0.0995
0.25, 50.00, 0.2756, 14.4288, 3.3008, 0.0928
0.25, 50.00, 0.2826, 14.0922, 3.1198, 0.0864
0.25, 50.00, 0.2896, 13.7774, 2.9458, 0.0804
0.25, 50.00, 0.2966, 13.4826, 2.7782, 0.0747
0.25, 50.00, 0.3036, 13.2067, 2.6167, 0.0693
0.25, 50.00, 0.3105, 12.9483, 2.4608, 0.0642
0.25, 50.00, 0.3175, 12.7063, 2.3103, 0.0593
0.25, 50.00, 0.3245, 12.4796, 2.1649, 0.0547
0.25, 50.00, 0.3315, 12.2675, 2.0242, 0.0503
0.25, 50.00, 0.3385, 12.0689, 1.8880, 0.0462
0.25, 50.00, 0.3454, 11.8832, 1.7561, 0.0423
0.25, 50.00, 0.3524, 11.7096, 1.6282, 0.0386
0.25, 50.00, 0.3594, 11.5472, 1.5046, 0.0353
0.25, 50.00, 0.3664, 11.3951, 1.3854, 0.0329
0.25, 50.00, 0.3734, 11.2536, 1.2697, 0.0306
0.25, 50.00, 0.3803, 11.1271, 1.1526, 0.0232
0.25, 50.00, 0.3873, 11.0051, 1.0440, 0.0210
0.25, 50.00, 0.3943, 10.8924, 0.9389, 0.0187
0.25, 50.00, 0.4013, 10.7884, 0.8374, 0.0166
0.25, 50.00, 0.4083, 10.6929, 0.7397, 0.0145
0.25, 50.00, 0.4152, 10.6056, 0.6461, 0.0126
0.25, 50.00, 0.4222, 10.5261, 0.5566, 0.0107
0.25, 50.00, 0.4292, 10.4543, 0.4718, 0.0090
0.25, 50.00, 0.4362, 10.3898, 0.3920, 0.0074
0.25, 50.00, 0.4432, 10.3325, 0.3177, 0.0059
0.25, 50.00, 0.4501, 10.2823, 0.2495, 0.0046
0.25, 50.00, 0.4571, 10.2389, 0.1880, 0.0034
0.25, 50.00, 0.4641, 10.2023, 0.1341, 0.0024
0.25, 50.00, 0.4711, 10.1723, 0.0883, 0.0016
0.25, 50.00, 0.4781, 10.1489, 0.0514, 0.0009
0.25, 50.00, 0.4850, 10.1325, 0.0236, 0.0001
0.25, 50.00, 0.4920, 10.1202, 0.0082, 0.0164
0.25, 50.00, 0.4990, 10.1173, 0.0003, 0.0007
1.00, 50.00, 0.1500, 36.3806, 37.1202, 0.9056
1.00, 50.00, 0.1570, 33.8860, 33.8942, 0.8216
1.00, 50.00, 0.1640, 31.6869, 31.0477, 0.7474
1.00, 50.00, 0.1709, 29.7379, 28.5201, 0.6814
1.00, 50.00, 0.1779, 28.0021, 26.2639, 0.6226
1.00, 50.00, 0.1849, 26.4494, 24.2390, 0.5697
1.00, 50.00, 0.1919, 25.0546, 22.4133, 0.5221
1.00, 50.00, 0.1989, 23.7971, 20.7588, 0.4790
1.00, 50.00, 0.2058, 22.6594, 19.2540, 0.4398
1.00, 50.00, 0.2128, 21.6268, 17.8800, 0.4041
1.00, 50.00, 0.2198, 20.6870, 16.6199, 0.3714
1.00, 50.00, 0.2268, 19.8292, 15.4613, 0.3415
1.00, 50.00, 0.2338, 19.0444, 14.3912, 0.3138
1.00, 50.00, 0.2407, 18.3248, 13.4007, 0.2885
1.00, 50.00, 0.2477, 17.6635, 12.4809, 0.2649
1.00, 50.00, 0.2547, 17.0547, 11.6244, 0.2432
1.00, 50.00, 0.2617, 16.4933, 10.8246, 0.2230
1.00, 50.00, 0.2687, 15.9747, 10.0762, 0.2042
1.00, 50.00, 0.2756, 15.4951, 9.3741, 0.1868
1.00, 50.00, 0.2826, 15.0509, 8.7144, 0.1707
1.00, 50.00, 0.2896, 14.6390, 8.0934, 0.1555
1.00, 50.00, 0.2966, 14.2568, 7.5075, 0.1415
1.00, 50.00, 0.3036, 13.9019, 6.9546, 0.1285
1.00, 50.00, 0.3105, 13.5720, 6.4314, 0.1164
1.00, 50.00, 0.3175, 13.2652, 5.9363, 0.1050
1.00, 50.00, 0.3245, 12.9799, 5.4676, 0.0945
1.00, 50.00, 0.3315, 12.7145, 5.0230, 0.0849
1.00, 50.00, 0.3385, 12.4676, 4.6018, 0.0758
1.00, 50.00, 0.3454, 12.2380, 4.2025, 0.0676
1.00, 50.00, 0.3524, 12.0245, 3.8242, 0.0599
1.00, 50.00, 0.3594, 11.8261, 3.4660, 0.0528
1.00, 50.00, 0.3664, 11.6420, 3.1270, 0.0462
1.00, 50.00, 0.3734, 11.4713, 2.8069, 0.0404
1.00, 50.00, 0.3803, 11.3132, 2.5050, 0.0351
1.00, 50.00, 0.3873, 11.1672, 2.2211, 0.0302
1.00, 50.00, 0.3943, 11.0325, 1.9545, 0.0258
1.00, 50.00, 0.4013, 10.9087, 1.7054, 0.0218
1.00, 50.00, 0.4083, 10.7953, 1.4734, 0.0182
1.00, 50.00, 0.4152, 10.6917, 1.2585, 0.0151
1.00, 50.00, 0.4222, 10.5977, 1.0603, 0.0124
1.00, 50.00, 0.4292, 10.5129, 0.8792, 0.0101
1.00, 50.00, 0.4362, 10.4370, 0.7147, 0.0080
1.00, 50.00, 0.4432, 10.3696, 0.5675, 0.0062
1.00, 50.00, 0.4501, 10.3106, 0.4369, 0.0047
1.00, 50.00, 0.4571, 10.2597, 0.3233, 0.0033
1.00, 50.00, 0.4641, 10.2168, 0.2268, 0.0023
1.00, 50.00, 0.4711, 10.1817, 0.1473, 0.0016
1.00, 50.00, 0.4781, 10.1543, 0.0847, 0.0009
1.00, 50.00, 0.4850, 10.1344, 0.0394, 0.0004
1.00, 50.00, 0.4920, 10.1221, 0.0112, 0.0002
1.00, 50.00, 0.4990, 10.1173, 0.0003, 0.0002
0.99, 10.00, 0.1500, 32.2685, 32.1387, 0.8275
0.99, 10.00, 0.1570, 30.0431, 29.4002, 0.7543
0.99, 10.00, 0.1640, 28.0808, 26.9753, 0.6903
0.99, 10.00, 0.1709, 26.3422, 24.8156, 0.6333
0.99, 10.00, 0.1779, 24.7945, 22.8822, 0.5823
0.99, 10.00, 0.1849, 23.4156, 21.1381, 0.5313
0.99, 10.00, 0.1919, 22.1731, 19.5670, 0.4896
0.99, 10.00, 0.1989, 21.0534, 18.1414, 0.4519
0.99, 10.00, 0.2058, 20.0410, 16.8429, 0.4174
0.99, 10.00, 0.2128, 19.1225, 15.6555, 0.3859
0.99, 10.00, 0.2198, 18.2870, 14.5661, 0.3570
0.99, 10.00, 0.2268, 17.5248, 13.5630, 0.3303
0.99, 10.00, 0.2338, 16.8277, 12.6365, 0.3058
0.99, 10.00, 0.2407, 16.1889, 11.7783, 0.2830
0.99, 10.00, 0.2477, 15.6021, 10.9808, 0.2619
0.99, 10.00, 0.2547, 15.0622, 10.2380, 0.2423
0.99, 10.00, 0.2617, 14.5645, 9.5442, 0.2240
0.99, 10.00, 0.2687, 14.1049, 8.8947, 0.2069
0.99, 10.00, 0.2756, 13.6801, 8.2852, 0.1910
0.99, 10.00, 0.2826, 13.2867, 7.7122, 0.1761
0.99, 10.00, 0.2896, 12.9222, 7.1725, 0.1621
0.99, 10.00, 0.2966, 12.5840, 6.6631, 0.1490
0.99, 10.00, 0.3036, 12.2700, 6.1817, 0.1367
0.99, 10.00, 0.3105, 11.9782, 5.7261, 0.1252
0.99, 10.00, 0.3175, 11.7071, 5.2944, 0.1145
0.99, 10.00, 0.3245, 11.4549, 4.8850, 0.1043
0.99, 10.00, 0.3315, 11.2204, 4.4965, 0.0948
0.99, 10.00, 0.3385, 11.0023, 4.1276, 0.0860
0.99, 10.00, 0.3454, 10.7995, 3.7772, 0.0776
0.99, 10.00, 0.3524, 10.6110, 3.4445, 0.0699
0.99, 10.00, 0.3594, 10.4359, 3.1286, 0.0626
0.99, 10.00, 0.3664, 10.2734, 2.8291, 0.0559
0.99, 10.00, 0.3734, 10.1227, 2.5453, 0.0496
0.99, 10.00, 0.3803, 9.9832, 2.2769, 0.0437
0.99, 10.00, 0.3873, 9.8544, 2.0235, 0.0383
0.99, 10.00, 0.3943, 9.7356, 1.7849, 0.0334
0.99, 10.00, 0.4013, 9.6264, 1.5611, 0.0288
0.99, 10.00, 0.4083, 9.5264, 1.3518, 0.0246
0.99, 10.00, 0.4152, 9.4351, 1.1572, 0.0208
0.99, 10.00, 0.4222, 9.3522, 0.9772, 0.0173
0.99, 10.00, 0.4292, 9.2774, 0.8119, 0.0142
0.99, 10.00, 0.4362, 9.2105, 0.6615, 0.0115
0.99, 10.00, 0.4432, 9.1511, 0.5260, 0.0090
0.99, 10.00, 0.4501, 9.0991, 0.4057, 0.0069
0.99, 10.00, 0.4571, 9.0542, 0.3007, 0.0051
0.99, 10.00, 0.4641, 9.0164, 0.2112, 0.0035
0.99, 10.00, 0.4711, 8.9872, 0.1355, 0.0005
0.99, 10.00, 0.4781, 8.9594, 0.0810, 0.0032
0.99, 10.00, 0.4850, 8.9430, 0.0377, 0.0015
0.99, 10.00, 0.4920, 8.9327, 0.0107, 0.0004
0.99, 10.00, 0.4990, 8.9288, 0.0002, 0.0017
0.75, 10.00, 0.1500, 27.0926, 12.8063, 0.4399
0.75, 10.00, 0.1570, 25.5709, 12.0199, 0.4100
0.75, 10.00, 0.1640, 24.2018, 11.2954, 0.3821
0.75, 10.00, 0.1709, 22.9627, 10.6284, 0.3588
0.75, 10.00, 0.1779, 21.8425, 10.0071, 0.3343
0.75, 10.00, 0.1849, 20.8231, 9.4305, 0.3126
0.75, 10.00, 0.1919, 19.8938, 8.8928, 0.2922
0.75, 10.00, 0.1989, 19.0443, 8.3901, 0.2730
0.75, 10.00, 0.2058, 18.2659, 7.9191, 0.2551
0.75, 10.00, 0.2128, 17.5509, 7.4769, 0.2384
0.75, 10.00, 0.2198, 16.8928, 7.0608, 0.2227
0.75, 10.00, 0.2268, 16.2808, 6.6737, 0.2132
0.75, 10.00, 0.2338, 15.7200, 6.3033, 0.1995
0.75, 10.00, 0.2407, 15.2011, 5.9530, 0.1868
0.75, 10.00, 0.2477, 14.7201, 5.6210, 0.1749
0.75, 10.00, 0.2547, 14.2738, 5.3058, 0.1637
0.75, 10.00, 0.2617, 13.8591, 5.0062, 0.1532
0.75, 10.00, 0.2687, 13.4734, 4.7209, 0.1433
0.75, 10.00, 0.2756, 13.1193, 4.4438, 0.1290
0.75, 10.00, 0.2826, 12.7847, 4.1840, 0.1202
0.75, 10.00, 0.2896, 12.4727, 3.9356, 0.1118
0.75, 10.00, 0.2966, 12.1817, 3.6978, 0.1040
0.75, 10.00, 0.3036, 11.9100, 3.4698, 0.0965
0.75, 10.00, 0.3105, 11.6563, 3.2510, 0.0895
0.75, 10.00, 0.3175, 11.4194, 3.0409, 0.0828
0.75, 10.00, 0.3245, 11.1982, 2.8389, 0.0764
0.75, 10.00, 0.3315, 10.9916, 2.6445, 0.0704
0.75, 10.00, 0.3385, 10.7987, 2.4572, 0.0646
0.75, 10.00, 0.3454, 10.6188, 2.2768, 0.0592
0.75, 10.00, 0.3524, 10.4509, 2.1029, 0.0540
0.75, 10.00, 0.3594, 10.2945, 1.9352, 0.0491
0.75, 10.00, 0.3664, 10.1489, 1.7736, 0.0444
0.75, 10.00, 0.3734, 10.0136, 1.6177, 0.0400
0.75, 10.00, 0.3803, 9.8881, 1.4676, 0.0359
0.75, 10.00, 0.3873, 9.7718, 1.3232, 0.0319
0.75, 10.00, 0.3943, 9.6644, 1.1844, 0.0282
0.75, 10.00, 0.4013, 9.5654, 1.0514, 0.0247
0.75, 10.00, 0.4083, 9.4746, 0.9243, 0.0214
0.75, 10.00, 0.4152, 9.3916, 0.8032, 0.0184
0.75, 10.00, 0.4222, 9.3161, 0.6886, 0.0155
0.75, 10.00, 0.4292, 9.2479, 0.5807, 0.0129
0.75, 10.00, 0.4362, 9.1868, 0.4800, 0.0106
0.75, 10.00, 0.4432, 9.1325, 0.3871, 0.0084
0.75, 10.00, 0.4501, 9.0849, 0.3025, 0.0065
0.75, 10.00, 0.4571, 9.0438, 0.2270, 0.0048
0.75, 10.00, 0.4641, 9.0092, 0.1611, 0.0034
0.75, 10.00, 0.4711, 8.9815, 0.1050, 0.0015
0.75, 10.00, 0.4781, 8.9561, 0.0639, 0.0038
0.75, 10.00, 0.4850, 8.9414, 0.0299, 0.0206
0.75, 10.00, 0.4920, 8.9323, 0.0085, 0.0005
0.75, 10.00, 0.4990, 8.9287, 0.0002, 0.0000
0.50, 10.00, 0.1500, 23.6267, 5.7544, 0.2340
0.50, 10.00, 0.1570, 22.4666, 5.4431, 0.2181
0.50, 10.00, 0.1640, 21.4109, 5.1594, 0.2082
0.50, 10.00, 0.1709, 20.4542, 4.8922, 0.1959
0.50, 10.00, 0.1779, 19.5812, 4.6432, 0.1847
0.50, 10.00, 0.1849, 18.7825, 4.4099, 0.1743
0.50, 10.00, 0.1919, 18.0495, 4.1911, 0.1649
0.50, 10.00, 0.1989, 17.3757, 3.9846, 0.1556
0.50, 10.00, 0.2058, 16.7546, 3.7897, 0.1470
0.50, 10.00, 0.2128, 16.1811, 3.6051, 0.1387
0.50, 10.00, 0.2198, 15.6504, 3.4298, 0.1308
0.50, 10.00, 0.2268, 15.1584, 3.2632, 0.1232
0.50, 10.00, 0.2338, 14.7016, 3.1044, 0.1160
0.50, 10.00, 0.2407, 14.2769, 2.9529, 0.1092
0.50, 10.00, 0.2477, 13.8814, 2.8080, 0.1028
0.50, 10.00, 0.2547, 13.5126, 2.6694, 0.0967
0.50, 10.00, 0.2617, 13.1684, 2.5364, 0.0909
0.50, 10.00, 0.2687, 12.8469, 2.4086, 0.0855
0.50, 10.00, 0.2756, 12.5463, 2.2857, 0.0803
0.50, 10.00, 0.2826, 12.2650, 2.1673, 0.0755
0.50, 10.00, 0.2896, 12.0017, 2.0530, 0.0708
0.50, 10.00, 0.2966, 11.7551, 1.9426, 0.0664
0.50, 10.00, 0.3036, 11.5241, 1.8358, 0.0622
0.50, 10.00, 0.3105, 11.3077, 1.7324, 0.0582
0.50, 10.00, 0.3175, 11.1049, 1.6320, 0.0543
0.50, 10.00, 0.3245, 10.9149, 1.5345, 0.0506
0.50, 10.00, 0.3315, 10.7369, 1.4398, 0.0471
0.50, 10.00, 0.3385, 10.5703, 1.3477, 0.0436
0.50, 10.00, 0.3454, 10.4144, 1.2579, 0.0403
0.50, 10.00, 0.3524, 10.2686, 1.1705, 0.0372
0.50, 10.00, 0.3594, 10.1324, 1.0853, 0.0341
0.50, 10.00, 0.3664, 10.0054, 1.0023, 0.0312
0.50, 10.00, 0.3734, 9.8870, 0.9213, 0.0283
0.50, 10.00, 0.3803, 9.7770, 0.8424, 0.0256
0.50, 10.00, 0.3873, 9.6749, 0.7655, 0.0230
0.50, 10.00, 0.3943, 9.5804, 0.6908, 0.0205
0.50, 10.00, 0.4013, 9.4932, 0.6182, 0.0181
0.50, 10.00, 0.4083, 9.4130, 0.5480, 0.0158
0.50, 10.00, 0.4152, 9.3397, 0.4802, 0.0137
0.50, 10.00, 0.4222, 9.2729, 0.4151, 0.0116
0.50, 10.00, 0.4292, 9.2124, 0.3530, 0.0097
0.50, 10.00, 0.4362, 9.1582, 0.2943, 0.0080
0.50, 10.00, 0.4432, 9.1100, 0.2392, 0.0064
0.50, 10.00, 0.4501, 9.0677, 0.1885, 0.0050
0.50, 10.00, 0.4571, 9.0312, 0.1424, 0.0037
0.50, 10.00, 0.4641, 9.0004, 0.1018, 0.0026
0.50, 10.00, 0.4711, 8.9754, 0.0669, 0.0014
0.50, 10.00, 0.4781, 8.9576, 0.0369, 0.0000
0.50, 10.00, 0.4850, 8.9398, 0.0197, 0.0017
0.50, 10.00, 0.4920, 8.9319, 0.0056, 0.0005
0.50, 10.00, 0.4990, 8.9287, 0.0006, 0.0010
0.25, 10.00, 0.1500, 20.8512, 1.8300, 0.0875
0.25, 10.00, 0.1570, 19.9353, 1.7456, 0.0815
0.25, 10.00, 0.1640, 19.1018, 1.6679, 0.0776
0.25, 10.00, 0.1709, 18.3420, 1.5946, 0.0738
0.25, 10.00, 0.1779, 17.6472, 1.5253, 0.0703
0.25, 10.00, 0.1849, 17.0099, 1.4595, 0.0669
0.25, 10.00, 0.1919, 16.4238, 1.3969, 0.0637
0.25, 10.00, 0.1989, 15.8834, 1.3372, 0.0607
0.25, 10.00, 0.2058, 15.3840, 1.2802, 0.0578
0.25, 10.00, 0.2128, 14.9215, 1.2256, 0.0550
0.25, 10.00, 0.2198, 14.4925, 1.1732, 0.0523
0.25, 10.00, 0.2268, 14.0937, 1.1228, 0.0497
0.25, 10.00, 0.2338, 13.7226, 1.0742, 0.0472
0.25, 10.00, 0.2407, 13.3766, 1.0274, 0.0449
0.25, 10.00, 0.2477, 13.0537, 0.9821, 0.0426
0.25, 10.00, 0.2547, 12.7520, 0.9383, 0.0404
0.25, 10.00, 0.2617, 12.4698, 0.8958, 0.0382
0.25, 10.00, 0.2687, 12.2056, 0.8545, 0.0362
0.25, 10.00, 0.2756, 11.9581, 0.8144, 0.0342
0.25, 10.00, 0.2826, 11.7260, 0.7753, 0.0323
0.25, 10.00, 0.2896, 11.5084, 0.7372, 0.0304
0.25, 10.00, 0.2966, 11.3042, 0.7001, 0.0286
0.25, 10.00, 0.3036, 11.1125, 0.6638, 0.0268
0.25, 10.00, 0.3105, 10.9326, 0.6282, 0.0251
0.25, 10.00, 0.3175, 10.7635, 0.5938, 0.0238
0.25, 10.00, 0.3245, 10.6043, 0.5604, 0.0228
0.25, 10.00, 0.3315, 10.4550, 0.5276, 0.0219
0.25, 10.00, 0.3385, 10.3150, 0.4954, 0.0209
0.25, 10.00, 0.3454, 10.1888, 0.4587, 0.0149
0.25, 10.00, 0.3524, 10.0660, 0.4276, 0.0139
0.25, 10.00, 0.3594, 9.9511, 0.3971, 0.0130
0.25, 10.00, 0.3664, 9.8438, 0.3671, 0.0120
0.25, 10.00, 0.3734, 9.7437, 0.3376, 0.0110
0.25, 10.00, 0.3803, 9.6505, 0.3088, 0.0100
0.25, 10.00, 0.3873, 9.5640, 0.2806, 0.0090
0.25, 10.00, 0.3943, 9.4838, 0.2530, 0.0081
0.25, 10.00, 0.4013, 9.4097, 0.2262, 0.0072
0.25, 10.00, 0.4083, 9.3416, 0.2002, 0.0063
0.25, 10.00, 0.4152, 9.2792, 0.1751, 0.0055
0.25, 10.00, 0.4222, 9.2223, 0.1510, 0.0047
0.25, 10.00, 0.4292, 9.1709, 0.1281, 0.0039
0.25, 10.00, 0.4362, 9.1246, 0.1064, 0.0032
0.25, 10.00, 0.4432, 9.0835, 0.0862, 0.0026
0.25, 10.00, 0.4501, 9.0475, 0.0677, 0.0020
0.25, 10.00, 0.4571, 9.0163, 0.0510, 0.0015
0.25, 10.00, 0.4641, 8.9899, 0.0363, 0.0011
0.25, 10.00, 0.4711, 8.9684, 0.0239, 0.0007
0.25, 10.00, 0.4781, 8.9524, 0.0130, 0.0000
0.25, 10.00, 0.4850, 8.9374, 0.0084, 0.0013
0.25, 10.00, 0.4920, 8.9312, 0.0113, 0.0095
0.25, 10.00, 0.4990, 8.9287, 0.0003, 0.0002
0.99, 1.00, 0.1500, 26.1133, 23.2374, 0.3064
0.99, 1.00, 0.1570, 24.2644, 16.1503, 0.4614
0.99, 1.00, 0.1640, 22.6246, 12.9112, 0.5149
0.99, 1.00, 0.1709, 21.1641, 14.5836, 0.3508
0.99, 1.00, 0.1779, 19.8581, 12.0362, 0.3801
0.99, 1.00, 0.1849, 18.6860, 12.5361, 0.2902
0.99, 1.00, 0.1919, 17.6305, 12.5387, 0.2329
0.99, 1.00, 0.1989, 16.6770, 11.8810, 0.2030
0.99, 1.00, 0.2058, 15.8132, 9.3674, 0.2438
0.99, 1.00, 0.2128, 15.0285, 8.6176, 0.2253
0.99, 1.00, 0.2198, 14.3135, 8.0549, 0.2032
0.99, 1.00, 0.2268, 13.6605, 9.2081, 0.1259
0.99, 1.00, 0.2338, 13.0631, 8.1110, 0.1271
0.99, 1.00, 0.2407, 12.5154, 6.5242, 0.1507
0.99, 1.00, 0.2477, 12.0125, 5.9812, 0.1399
0.99, 1.00, 0.2547, 11.5547, 5.6038, 0.1195
0.99, 1.00, 0.2617, 11.1283, 4.8866, 0.1202
0.99, 1.00, 0.2687, 10.7348, 4.7324, 0.0998
0.99, 1.00, 0.2756, 10.3713, 5.0049, 0.0672
0.99, 1.00, 0.2826, 10.0350, 4.0950, 0.0780
0.99, 1.00, 0.2896, 9.7236, 3.5882, 0.0771
0.99, 1.00, 0.2966, 9.4350, 3.1609, 0.0747
0.99, 1.00, 0.3036, 9.1672, 3.3977, 0.0469
0.99, 1.00, 0.3105, 8.9188, 2.8801, 0.0497
0.99, 1.00, 0.3175, 8.6880, 2.7305, 0.0399
0.99, 1.00, 0.3245, 8.4737, 2.4843, 0.0349
0.99, 1.00, 0.3315, 8.2746, 2.3842, 0.0255
0.99, 1.00, 0.3385, 8.0896, 1.8705, 0.0330
0.99, 1.00, 0.3454, 7.9178, 1.8666, 0.0213
0.99, 1.00, 0.3524, 7.7583, 1.6855, 0.0178
0.99, 1.00, 0.3594, 7.6102, 1.5901, 0.0119
0.99, 1.00, 0.3664, 7.4730, 1.3859, 0.0108
0.99, 1.00, 0.3734, 7.3458, 1.2078, 0.0095
0.99, 1.00, 0.3803, 7.2283, 1.0467, 0.0083
0.99, 1.00, 0.3873, 7.1198, 0.9113, 0.0068
0.99, 1.00, 0.3943, 7.0198, 0.8216, 0.0043
0.99, 1.00, 0.4013, 6.9280, 0.7115, 0.0031
0.99, 1.00, 0.4083, 6.8440, 0.6053, 0.0023
0.99, 1.00, 0.4152, 6.7674, 0.5180, 0.0014
0.99, 1.00, 0.4222, 6.6979, 0.4332, 0.0008
0.99, 1.00, 0.4292, 6.6352, 0.3553, 0.0005
0.99, 1.00, 0.4362, 6.5791, 0.2890, 0.0001
0.99, 1.00, 0.4432, 6.5294, 0.2335, 0.0000
0.99, 1.00, 0.4501, 6.4858, 0.1746, 0.0000
0.99, 1.00, 0.4571, 6.4483, 0.1286, 0.0000
0.99, 1.00, 0.4641, 6.4170, 0.0898, 0.0000
0.99, 1.00, 0.4711, 6.3928, 0.0562, 0.0000
0.99, 1.00, 0.4781, 6.3689, 0.0353, 0.0017
0.99, 1.00, 0.4850, 6.3552, 0.0161, 0.0008
0.99, 1.00, 0.4920, 6.3468, 0.0048, 0.0002
0.99, 1.00, 0.4990, 6.3435, 0.0001, 0.0001
0.75, 1.00, 0.1500, 17.3420, 0.0150, 0.0319
0.75, 1.00, 0.1570, 16.4932, 1.1867, 0.0508
0.75, 1.00, 0.1640, 15.7241, 0.2647, 0.0074
0.75, 1.00, 0.1709, 15.0218, 0.2894, 0.0065
0.75, 1.00, 0.1779, 14.3793, 0.2339, 0.0075
0.75, 1.00, 0.1849, 13.7874, 0.2425, 0.0091
0.75, 1.00, 0.1919, 13.2457, 0.2399, 0.0079
0.75, 1.00, 0.1989, 12.7455, 0.2372, 0.0074
0.75, 1.00, 0.2058, 12.2848, 0.2685, 0.0045
0.75, 1.00, 0.2128, 11.8538, 0.6747, 0.0022
0.75, 1.00, 0.2198, 11.4571, 0.1596, 0.0093
0.75, 1.00, 0.2268, 11.0881, 0.2205, 0.0065
0.75, 1.00, 0.2338, 10.7443, 0.2152, 0.0066
0.75, 1.00, 0.2407, 10.4262, 0.2437, 0.0034
0.75, 1.00, 0.2477, 10.1250, 0.2229, 0.0060
0.75, 1.00, 0.2547, 9.8468, 0.1976, 0.0056
0.75, 1.00, 0.2617, 9.5864, 0.1827, 0.0052
0.75, 1.00, 0.2687, 9.3426, 0.1857, 0.0046
0.75, 1.00, 0.2756, 9.1161, 0.1720, 0.0026
0.75, 1.00, 0.2826, 8.8989, 0.1991, 0.0049
0.75, 1.00, 0.2896, 8.6993, 0.1684, 0.0043
0.75, 1.00, 0.2966, 8.5118, 0.1591, 0.0037
0.75, 1.00, 0.3036, 8.3358, 0.1435, 0.0034
0.75, 1.00, 0.3105, 8.1706, 0.1349, 0.0031
0.75, 1.00, 0.3175, 8.0157, 0.1268, 0.0028
0.75, 1.00, 0.3245, 7.8703, 0.1064, 0.0029
0.75, 1.00, 0.3315, 7.7341, 0.1024, 0.0025
0.75, 1.00, 0.3385, 7.6064, 0.1051, 0.0020
0.75, 1.00, 0.3454, 7.4864, 0.1026, 0.0021
0.75, 1.00, 0.3524, 7.3730, 0.0959, 0.0035
0.75, 1.00, 0.3594, 7.2725, 0.0794, 0.0000
0.75, 1.00, 0.3664, 7.1742, 0.0734, 0.0000
0.75, 1.00, 0.3734, 7.0828, 0.0635, 0.0003
0.75, 1.00, 0.3803, 6.9978, 0.0628, 0.0004
0.75, 1.00, 0.3873, 6.9191, 0.0541, 0.0005
0.75, 1.00, 0.3943, 6.8462, 0.0480, 0.0005
0.75, 1.00, 0.4013, 6.7790, 0.0423, 0.0005
0.75, 1.00, 0.4083, 6.7172, 0.0369, 0.0004
0.75, 1.00, 0.4152, 6.6606, 0.0313, 0.0004
0.75, 1.00, 0.4222, 6.6091, 0.0279, 0.0003
0.75, 1.00, 0.4292, 6.5625, 0.0219, 0.0003
0.75, 1.00, 0.4362, 6.5206, 0.0187, 0.0002
0.75, 1.00, 0.4432, 6.4837, 0.0146, 0.0000
0.75, 1.00, 0.4501, 6.4523, 0.0097, 0.0000
0.75, 1.00, 0.4571, 6.4202, 0.0108, 0.0025
0.75, 1.00, 0.4641, 6.3972, 0.0077, 0.0013
0.75, 1.00, 0.4711, 6.3783, 0.0051, 0.0038
0.75, 1.00, 0.4781, 6.3634, 0.0055, 0.0005
0.75, 1.00, 0.4850, 6.3527, 0.0013, 0.0003
0.75, 1.00, 0.4920, 6.3461, 0.0008, 0.0015
0.75, 1.00, 0.4990, 6.3434, 0.0000, 0.0000
0.50, 1.00, 0.1500, 15.8678, 0.1308, 0.1600
0.50, 1.00, 0.1570, 15.1469, 0.1209, 0.1209
0.50, 1.00, 0.1640, 14.4901, 0.0108, 0.1460
0.50, 1.00, 0.1709, 13.8922, 0.0012, 0.1622
0.50, 1.00, 0.1779, 13.3394, 0.0286, 0.0259
0.50, 1.00, 0.1849, 12.8343, 0.0240, 0.0240
0.50, 1.00, 0.1919, 12.3687, 0.0091, 0.0091
0.50, 1.00, 0.1989, 11.9400, 0.0004, 0.0584
0.50, 1.00, 0.2058, 11.5398, 0.0226, 0.0406
0.50, 1.00, 0.2128, 11.1711, 0.0350, 0.0350
0.50, 1.00, 0.2198, 10.8283, 0.0267, 0.1272
0.50, 1.00, 0.2268, 10.5108, 0.0291, 0.0425
0.50, 1.00, 0.2338, 10.2103, 0.0000, 0.0637
0.50, 1.00, 0.2407, 9.9335, 0.0142, 0.0091
0.50, 1.00, 0.2477, 9.6745, 0.0179, 0.0179
0.50, 1.00, 0.2547, 9.4322, 0.0068, 0.0126
0.50, 1.00, 0.2617, 9.2052, 0.0037, 0.0513
0.50, 1.00, 0.2687, 8.9925, 0.0087, 0.0538
0.50, 1.00, 0.2756, 8.7931, 0.0000, 0.0247
0.50, 1.00, 0.2826, 8.6060, 0.0049, 0.0296
0.50, 1.00, 0.2896, 8.4300, 0.0000, 0.0233
0.50, 1.00, 0.2966, 8.2635, 0.0038, 0.0240
0.50, 1.00, 0.3036, 8.1126, 0.0032, 0.0070
0.50, 1.00, 0.3105, 7.9666, 0.0000, 0.0206
0.50, 1.00, 0.3175, 7.8297, 0.0007, 0.0171
0.50, 1.00, 0.3245, 7.7013, 0.0034, 0.0046
0.50, 1.00, 0.3315, 7.5808, 0.0027, 0.0170
0.50, 1.00, 0.3385, 7.4678, 0.0023, 0.0023
0.50, 1.00, 0.3454, 7.3620, 0.0000, 0.0090
0.50, 1.00, 0.3524, 7.2629, 0.0012, 0.0094
0.50, 1.00, 0.3594, 7.1701, 0.0030, 0.0076
0.50, 1.00, 0.3664, 7.0835, 0.0000, 0.0097
0.50, 1.00, 0.3734, 7.0026, 0.0000, 0.0071
0.50, 1.00, 0.3803, 6.9274, 0.0000, 0.0102
0.50, 1.00, 0.3873, 6.8580, 0.0000, 0.0055
0.50, 1.00, 0.3943, 6.7943, 0.0009, 0.0018
0.50, 1.00, 0.4013, 6.7352, 0.0157, 0.0166
0.50, 1.00, 0.4083, 6.6758, 0.0036, 0.0040
0.50, 1.00, 0.4152, 6.6258, 0.0010, 0.0008
0.50, 1.00, 0.4222, 6.5801, 0.0110, 0.0012
0.50, 1.00, 0.4292, 6.5387, 0.0005, 0.0050
0.50, 1.00, 0.4362, 6.5015, 0.0033, 0.0039
0.50, 1.00, 0.4432, 6.4684, 0.0003, 0.0032
0.50, 1.00, 0.4501, 6.4393, 0.0002, 0.0020
0.50, 1.00, 0.4571, 6.4142, 0.0003, 0.0015
0.50, 1.00, 0.4641, 6.3929, 0.0029, 0.0012
0.50, 1.00, 0.4711, 6.3755, 0.0012, 0.0143
0.50, 1.00, 0.4781, 6.3618, 0.0040, 0.0027
0.50, 1.00, 0.4850, 6.3520, 0.0003, 0.0014
0.50, 1.00, 0.4920, 6.3458, 0.0001, 0.0020
0.50, 1.00, 0.4990, 6.3434, 0.0000, 0.0000
0.25, 1.00, 0.1500, 15.2315, 0.3394, 0.3394
0.25, 1.00, 0.1570, 14.5599, 0.1212, 0.1901
0.25, 1.00, 0.1640, 13.9528, 0.1404, 0.2144
0.25, 1.00, 0.1709, 13.3947, 0.1163, 0.1163
0.25, 1.00, 0.1779, 12.8836, 0.0649, 0.1162
0.25, 1.00, 0.1849, 12.4137, 0.1015, 0.1015
0.25, 1.00, 0.1919, 11.9809, 0.0398, 0.0934
0.25, 1.00, 0.1989, 11.5785, 0.0388, 0.1586
0.25, 1.00, 0.2058, 11.2091, 0.0783, 0.0783
0.25, 1.00, 0.2128, 10.8657, 0.0124, 0.0473
0.25, 1.00, 0.2198, 10.5463, 0.0181, 0.0913
0.25, 1.00, 0.2268, 10.2487, 0.0338, 0.0731
0.25, 1.00, 0.2338, 9.9708, 0.0500, 0.0500
0.25, 1.00, 0.2407, 9.7118, 0.0815, 0.0815
0.25, 1.00, 0.2477, 9.4721, 0.0444, 0.0444
0.25, 1.00, 0.2547, 9.2435, 0.0057, 0.0227
0.25, 1.00, 0.2617, 9.0302, 0.0311, 0.0259
0.25, 1.00, 0.2687, 8.8323, 0.0363, 0.0211
0.25, 1.00, 0.2756, 8.6457, 0.0234, 0.0234
0.25, 1.00, 0.2826, 8.4706, 0.0093, 0.0358
0.25, 1.00, 0.2896, 8.3061, 0.0102, 0.0713
0.25, 1.00, 0.2966, 8.1517, 0.0164, 0.0738
0.25, 1.00, 0.3036, 8.0065, 0.0480, 0.0480
0.25, 1.00, 0.3105, 7.8702, 0.0064, 0.0458
0.25, 1.00, 0.3175, 7.7421, 0.0189, 0.0189
0.25, 1.00, 0.3245, 7.6218, 0.0159, 0.0159
0.25, 1.00, 0.3315, 7.5088, 0.0178, 0.0178
0.25, 1.00, 0.3385, 7.4027, 0.0246, 0.0255
0.25, 1.00, 0.3454, 7.3033, 0.0063, 0.0433
0.25, 1.00, 0.3524, 7.2101, 0.0121, 0.0121
0.25, 1.00, 0.3594, 7.1229, 0.0001, 0.0426
0.25, 1.00, 0.3664, 7.0413, 0.0125, 0.0125
0.25, 1.00, 0.3734, 6.9652, 0.0249, 0.0249
0.25, 1.00, 0.3803, 6.8943, 0.0030, 0.0030
0.25, 1.00, 0.3873, 6.8284, 0.0015, 0.0173
0.25, 1.00, 0.3943, 6.7673, 0.0133, 0.0133
