 0.010, 0.99999805, 0.99999707, 0.99999609
 0.011, 0.99999765, 0.99999647, 0.99999530
 0.012, 0.99999717, 0.99999575, 0.99999433
 0.013, 0.99999659, 0.99999488, 0.99999317
 0.015, 0.99999589, 0.99999383, 0.99999178
 0.016, 0.99999505, 0.99999257, 0.99999010
 0.017, 0.99999404, 0.99999105, 0.99998807
 0.019, 0.99999282, 0.99998923, 0.99998563
 0.021, 0.99999135, 0.99998702, 0.99998270
 0.023, 0.99998958, 0.99998437, 0.99997916
 0.025, 0.99998745, 0.99998117, 0.99997490
 0.028, 0.99998488, 0.99997732, 0.99996976
 0.031, 0.99998179, 0.99997268, 0.99996358
 0.034, 0.99997806, 0.99996710, 0.99995613
 0.037, 0.99997358, 0.99996037, 0.99994716
 0.040, 0.99996818, 0.99995226, 0.99993635
 0.044, 0.99996167, 0.99994250, 0.99992334
 0.049, 0.99995383, 0.99993074, 0.99990766
 0.053, 0.99994439, 0.99991658, 0.99988878
 0.059, 0.99993301, 0.99989952, 0.99986603
 0.064, 0.99991932, 0.99987897, 0.99983864
 0.071, 0.99990282, 0.99985422, 0.99980565
 0.077, 0.99988294, 0.99982442, 0.99976591
 0.085, 0.99985901, 0.99978851, 0.99971805
 0.093, 0.99983018, 0.99974527, 0.99966040
 0.102, 0.99979545, 0.99969318, 0.99959097
 0.112, 0.99975363, 0.99963045, 0.99950736
 0.123, 0.99970325, 0.99955489, 0.99940665
 0.135, 0.99964258, 0.99946388, 0.99928538
 0.148, 0.99956951, 0.99935428, 0.99913933
 0.163, 0.99948150, 0.99922228, 0.99896346
 0.179, 0.99937551, 0.99906330, 0.99875168
 0.196, 0.99924787, 0.99887185, 0.99849669
 0.215, 0.99909415, 0.99864129, 0.99818968
 0.236, 0.99890904, 0.99836365, 0.99782007
 0.260, 0.99868613, 0.99802932, 0.99737515
 0.285, 0.99841772, 0.99762678, 0.99683965
 0.313, 0.99809455, 0.99714212, 0.99619521
 0.343, 0.99770549, 0.99655864, 0.99541982
 0.376, 0.99723712, 0.99585628, 0.99448707
 0.413, 0.99667337, 0.99501092, 0.99336533
 0.453, 0.99599490, 0.99399360, 0.99201673
 0.498, 0.99517850, 0.99276957, 0.99039603
 0.546, 0.99419635, 0.99129716, 0.98844922
 0.599, 0.99301507, 0.98952643, 0.98611199
 0.658, 0.99159473, 0.98739765, 0.98330792
 0.722, 0.98988756, 0.98483939, 0.97994650
 0.792, 0.98783654, 0.98176647, 0.97592085
 0.870, 0.98537369, 0.97807744, 0.97110535
 0.955, 0.98241820, 0.97365177, 0.96535314
 1.048, 0.97887421, 0.96834677, 0.95849360
 1.150, 0.97462845, 0.96199399, 0.95033018
 1.262, 0.96954757, 0.95439560, 0.94063868
 1.385, 0.96347539, 0.94532045, 0.92916670
 1.520, 0.95623013, 0.93450037, 0.91563468
 1.668, 0.94760188, 0.92162689, 0.89973964
 1.831, 0.93735054, 0.90634909, 0.88116250
 2.009, 0.92520495, 0.88827330, 0.85958050
 2.205, 0.91086370, 0.86696598, 0.83468606
 2.420, 0.89399881, 0.84196142, 0.80621325
 2.656, 0.87426349, 0.81277630, 0.77397267
 2.915, 0.85130571, 0.77893404, 0.73789388
 3.199, 0.82478952, 0.74000186, 0.69807234
 3.511, 0.79442618, 0.69564398, 0.65481441
 3.854, 0.76001676, 0.64569347, 0.60866955
 4.229, 0.72150692, 0.59024338, 0.56043515
 4.642, 0.67905204, 0.52975368, 0.51111861
 5.094, 0.63308680, 0.46516321, 0.46184671
 5.591, 0.58438679, 0.39798495, 0.41372813
 6.136, 0.53410189, 0.33034872, 0.36770006
 6.734, 0.48373279, 0.26494131, 0.32441410
 7.391, 0.43501865, 0.20478772, 0.28421958
 8.111, 0.38971312, 0.15283256, 0.24726088
 8.902, 0.34925739, 0.11133602, 0.21362599
 9.770, 0.31441850, 0.08120527, 0.18342886
 10.723, 0.28503548, 0.06152155, 0.15676013
 11.768, 0.26005841, 0.04961473, 0.13358113
 12.915, 0.23799358, 0.04192982, 0.11368861
 14.175, 0.21762345, 0.03549400, 0.09675502
 15.557, 0.19854927, 0.02915102, 0.08237408
 17.074, 0.18105388, 0.02349184, 0.07012508
 18.738, 0.16535048, 0.01934300, 0.05964558
 20.565, 0.15110305, 0.01640483, 0.05065433
 22.570, 0.13788660, 0.01379238, 0.04294309
 24.771, 0.12573105, 0.01141054, 0.03634757
 27.186, 0.11469939, 0.00957107, 0.03072188
 29.836, 0.10457995, 0.00802777, 0.02593285
 32.745, 0.09533374, 0.00667639, 0.02186588
 35.938, 0.08691505, 0.00558809, 0.01842002
 39.442, 0.07922451, 0.00464640, 0.01550478
 43.288, 0.07222037, 0.00387306, 0.01304183
 47.508, 0.06583166, 0.00321776, 0.01096301
 52.140, 0.06000649, 0.00267347, 0.00920994
 57.224, 0.05469620, 0.00222029, 0.00773271
 62.803, 0.04985398, 0.00184264, 0.00648883
 68.926, 0.04543888, 0.00152897, 0.00544219
 75.646, 0.04141359, 0.00126877, 0.00456213
 83.022, 0.03774393, 0.00105298, 0.00382261
 91.116, 0.03439866, 0.00087402, 0.00320157
 100.000, 0.03134927, 0.00072560, 0.00268031
