 0.100, 0.61634558, 0.46592052, 0.42793427, 0.37982341
 0.107, 0.57956061, 0.42037337, 0.38753048, 0.33582771
 0.115, 0.54162411, 0.37480820, 0.34768040, 0.29329084
 0.123, 0.50297543, 0.32999771, 0.30886706, 0.25291702
 0.132, 0.46410577, 0.28673611, 0.27156329, 0.21532728
 0.142, 0.42553389, 0.24578519, 0.23621243, 0.18101444
 0.152, 0.38777644, 0.20781634, 0.20320741, 0.15030981
 0.163, 0.35131598, 0.17335672, 0.17286983, 0.12336742
 0.175, 0.31657138, 0.14274900, 0.14543139, 0.10016808
 0.187, 0.28387472, 0.11613246, 0.12102077, 0.08054206
 0.201, 0.25345845, 0.09344948, 0.09965877, 0.06420491
 0.215, 0.22545386, 0.07447543, 0.08126332, 0.05079930
 0.231, 0.19989988, 0.05886492, 0.06566409, 0.03993533
 0.248, 0.17675911, 0.04620377, 0.05262409, 0.03122392
 0.266, 0.15593675, 0.03605668, 0.04186467, 0.02430043
 0.285, 0.13729930, 0.02800366, 0.03308973, 0.01883858
 0.305, 0.12069035, 0.02166312, 0.02600612, 0.01455634
 0.327, 0.10594282, 0.01670295, 0.02033848, 0.01121622
 0.351, 0.09288777, 0.01284298, 0.01583844, 0.00862219
 0.376, 0.08136039, 0.00985210, 0.01228893, 0.00661491
 0.404, 0.07120376, 0.00754292, 0.00950494, 0.00506643
 0.433, 0.06227117, 0.00576537, 0.00733191, 0.00387497
 0.464, 0.05442726, 0.00440049, 0.00564275, 0.00296023
 0.498, 0.04754845, 0.00335468, 0.00433434, 0.00225925
 0.534, 0.04152281, 0.00255478, 0.00332392, 0.00172292
 0.572, 0.03624963, 0.00194391, 0.00254561, 0.00131310
 0.614, 0.03163879, 0.00147799, 0.00194740, 0.00100030
 0.658, 0.02760997, 0.00112303, 0.00148847, 0.00076177
 0.705, 0.02409188, 0.00085285, 0.00113692, 0.00058000
 0.756, 0.02102141, 0.00064737, 0.00086799, 0.00044158
 0.811, 0.01834283, 0.00049121, 0.00066247, 0.00033622
 0.870, 0.01600705, 0.00037259, 0.00050555, 0.00025604
 0.933, 0.01397090, 0.00028255, 0.00038581, 0.00019505
 1.000, 0.01219645, 0.00021422, 0.00029450, 0.00014865
 1.072, 0.01065047, 0.00016238, 0.00022488, 0.00011335
 1.150, 0.00930382, 0.00012308, 0.00017181, 0.00008650
 1.233, 0.00813104, 0.00009328, 0.00013136, 0.00006607
 1.322, 0.00710981, 0.00007069, 0.00010053, 0.00005051
 1.417, 0.00622069, 0.00005358, 0.00007702, 0.00003867
 1.520, 0.00544666, 0.00004061, 0.00005908, 0.00002965
 1.630, 0.00477287, 0.00003078, 0.00004540, 0.00002276
 1.748, 0.00418639, 0.00002334, 0.00003494, 0.00001751
 1.874, 0.00367591, 0.00001770, 0.00002695, 0.00001350
 2.009, 0.00323159, 0.00001343, 0.00002084, 0.00001044
 2.154, 0.00284486, 0.00001019, 0.00001615, 0.00000809
 2.310, 0.00250822, 0.00000774, 0.00001256, 0.00000629
 2.477, 0.00221516, 0.00000588, 0.00000980, 0.00000490
 2.656, 0.00196001, 0.00000447, 0.00000767, 0.00000384
 2.848, 0.00173782, 0.00000341, 0.00000603, 0.00000302
 3.054, 0.00154428, 0.00000260, 0.00000477, 0.00000238
 3.275, 0.00137563, 0.00000199, 0.00000378, 0.00000189
 3.511, 0.00122861, 0.00000152, 0.00000302, 0.00000151
 3.765, 0.00110035, 0.00000117, 0.00000242, 0.00000121
 4.037, 0.00098838, 0.00000090, 0.00000195, 0.00000098
 4.329, 0.00089053, 0.00000070, 0.00000159, 0.00000079
 4.642, 0.00080491, 0.00000054, 0.00000130, 0.00000065
 4.977, 0.00072988, 0.00000042, 0.00000107, 0.00000053
 5.337, 0.00066399, 0.00000033, 0.00000088, 0.00000044
 5.722, 0.00060600, 0.00000027, 0.00000073, 0.00000037
 6.136, 0.00055482, 0.00000021, 0.00000062, 0.00000031
 6.579, 0.00050949, 0.00000017, 0.00000052, 0.00000026
 7.055, 0.00046920, 0.00000014, 0.00000044, 0.00000022
 7.565, 0.00043322, 0.00000012, 0.00000038, 0.00000019
 8.111, 0.00040094, 0.00000010, 0.00000032, 0.00000016
 8.697, 0.00037183, 0.00000008, 0.00000028, 0.00000014
 9.326, 0.00034543, 0.00000007, 0.00000024, 0.00000012
 10.000, 0.00032137, 0.00000006, 0.00000021, 0.00000010
 10.723, 0.00029930, 0.00000005, 0.00000018, 0.00000009
 11.498, 0.00027898, 0.00000005, 0.00000016, 0.00000008
 12.328, 0.00026017, 0.00000004, 0.00000014, 0.00000007
 13.219, 0.00024270, 0.00000004, 0.00000012, 0.00000006
 14.175, 0.00022642, 0.00000003, 0.00000010, 0.00000005
 15.199, 0.00021121, 0.00000003, 0.00000009, 0.00000004
 16.298, 0.00019700, 0.00000002, 0.00000008, 0.00000004
 17.475, 0.00018369, 0.00000002, 0.00000007, 0.00000003
 18.738, 0.00017124, 0.00000002, 0.00000006, 0.00000003
 20.092, 0.00015960, 0.00000002, 0.00000005, 0.00000003
 21.544, 0.00014872, 0.00000001, 0.00000004, 0.00000002
 23.101, 0.00013855, 0.00000001, 0.00000004, 0.00000002
 24.771, 0.00012907, 0.00000001, 0.00000003, 0.00000002
 26.561, 0.00012023, 0.00000001, 0.00000003, 0.00000001
 28.480, 0.00011200, 0.00000001, 0.00000003, 0.00000001
 30.539, 0.00010434, 0.00000001, 0.00000002, 0.00000001
 32.745, 0.00009720, 0.00000001, 0.00000002, 0.00000001
 35.112, 0.00009056, 0.00000001, 0.00000002, 0.00000001
 37.649, 0.00008439, 0.00000001, 0.00000001, 0.00000001
 40.370, 0.00007864, 0.00000000, 0.00000001, 0.00000001
 43.288, 0.00007328, 0.00000000, 0.00000001, 0.00000001
 46.416, 0.00006830, 0.00000000, 0.00000001, 0.00000000
 49.770, 0.00006366, 0.00000000, 0.00000001, 0.00000000
 53.367, 0.00005933, 0.00000000, 0.00000001, 0.00000000
 57.224, 0.00005531, 0.00000000, 0.00000001, 0.00000000
 61.359, 0.00005155, 0.00000000, 0.00000001, 0.00000000
 65.793, 0.00004806, 0.00000000, 0.00000000, 0.00000000
 70.548, 0.00004480, 0.00000000, 0.00000000, 0.00000000
 75.646, 0.00004176, 0.00000000, 0.00000000, 0.00000000
 81.113, 0.00003893, 0.00000000, 0.00000000, 0.00000000
 86.975, 0.00003630, 0.00000000, 0.00000000, 0.00000000
 93.260, 0.00003384, 0.00000000, 0.00000000, 0.00000000
 100.000, 0.00003155, 0.00000000, 0.00000000, 0.00000000
