 0.100, 0.94743502, 0.92177888, 0.00000000
 0.107, 0.93992236, 0.91070498, 0.00000000
 0.115, 0.93139544, 0.89816923, 0.00000000
 0.123, 0.92173565, 0.88401121, 0.00000000
 0.132, 0.91081611, 0.86806299, 0.00000000
 0.142, 0.89850297, 0.85015221, 0.00000000
 0.152, 0.88465741, 0.83010649, 0.00000000
 0.163, 0.86913853, 0.80775941, 0.00000000
 0.175, 0.85180741, 0.78295837, 0.00000000
 0.187, 0.83253232, 0.75557439, 0.00000000
 0.201, 0.81119544, 0.72551413, 0.00000000
 0.215, 0.78770094, 0.69273381, 0.00000000
 0.231, 0.76198442, 0.65725474, 0.00000000
 0.248, 0.73402352, 0.61917969, 0.00000000
 0.266, 0.70384896, 0.57870859, 0.00000000
 0.285, 0.67155536, 0.53615194, 0.00000000
 0.305, 0.63731043, 0.49193920, 0.00000000
 0.327, 0.60136128, 0.44661956, 0.00000000
 0.351, 0.56403582, 0.40085201, 0.00000000
 0.376, 0.52573789, 0.35538248, 0.00000000
 0.404, 0.48693476, 0.31100705, 0.00000000
 0.433, 0.44813666, 0.26852265, 0.00000000
 0.464, 0.40986939, 0.22866926, 0.00000000
 0.498, 0.37264260, 0.19207103, 0.00000000
 0.534, 0.33691754, 0.15918554, 0.00000000
 0.572, 0.30307916, 0.13027076, 0.00000000
 0.614, 0.27141686, 0.10537655, 0.00000000
 0.658, 0.24211658, 0.08436243, 0.00000000
 0.705, 0.21526456, 0.06693725, 0.00000000
 0.756, 0.19086044, 0.05271116, 0.00000000
 0.811, 0.16883575, 0.04124833, 0.00000000
 0.870, 0.14907357, 0.03211128, 0.00000000
 0.933, 0.13142641, 0.02489165, 0.00000000
 1.000, 0.11573039, 0.01922727, 0.00000000
 1.072, 0.10181586, 0.01480853, 0.00000000
 1.150, 0.08951468, 0.01137764, 0.00000000
 1.233, 0.07866503, 0.00872401, 0.00000000
 1.322, 0.06911437, 0.00667812, 0.00000000
 1.417, 0.06072111, 0.00510498, 0.00000000
 1.520, 0.05335537, 0.00389806, 0.00000000
 1.630, 0.04689904, 0.00297384, 0.00000000
 1.748, 0.04124555, 0.00226721, 0.00000000
 1.874, 0.03629927, 0.00172765, 0.00000000
 2.009, 0.03197479, 0.00131612, 0.00000000
 2.154, 0.02819615, 0.00100252, 0.00000000
 2.310, 0.02489599, 0.00076373, 0.00000000
 2.477, 0.02201474, 0.00058202, 0.00000000
 2.656, 0.01949986, 0.00044379, 0.00000000
 2.848, 0.01730506, 0.00033869, 0.00000000
 3.054, 0.01538963, 0.00025880, 0.00000000
 3.275, 0.01371784, 0.00019806, 0.00000000
 3.511, 0.01225832, 0.00015190, 0.00000000
 3.765, 0.01098357, 0.00011680, 0.00000000
 4.037, 0.00986950, 0.00009010, 0.00000000
 4.329, 0.00889504, 0.00006979, 0.00000000
 4.642, 0.00804171, 0.00005432, 0.00000000
 4.977, 0.00729337, 0.00004253, 0.00000000
 5.337, 0.00663589, 0.00003352, 0.00000000
 5.722, 0.00605694, 0.00002663, 0.00000000
 6.136, 0.00554574, 0.00002134, 0.00000000
 6.579, 0.00509289, 0.00001727, 0.00000000
 7.055, 0.00469022, 0.00001412, 0.00000000
 7.565, 0.00433063, 0.00001167, 0.00000000
 8.111, 0.00400796, 0.00000975, 0.00000000
 8.697, 0.00371695, 0.00000823, 0.00000000
 9.326, 0.00345306, 0.00000701, 0.00000000
 10.000, 0.00321245, 0.00000603, 0.00000000
 10.723, 0.00299190, 0.00000522, 0.00000000
 11.498, 0.00278872, 0.00000455, 0.00000000
 12.328, 0.00260071, 0.00000399, 0.00000000
 13.219, 0.00242605, 0.00000351, 0.00000000
 14.175, 0.00226332, 0.00000309, 0.00000000
 15.199, 0.00211137, 0.00000273, 0.00000000
 16.298, 0.00196928, 0.00000241, 0.00000000
 17.475, 0.00183633, 0.00000213, 0.00000000
 18.738, 0.00171192, 0.00000188, 0.00000000
 20.092, 0.00159555, 0.00000166, 0.00000000
 21.544, 0.00148678, 0.00000147, 0.00000000
 23.101, 0.00138520, 0.00000129, 0.00000000
 24.771, 0.00129043, 0.00000114, 0.00000000
 26.561, 0.00120209, 0.00000100, 0.00000000
 28.480, 0.00111979, 0.00000088, 0.00000000
 30.539, 0.00104317, 0.00000077, 0.00000000
 32.745, 0.00097186, 0.00000067, 0.00000000
 35.112, 0.00090550, 0.00000059, 0.00000000
 37.649, 0.00084373, 0.00000051, 0.00000000
 40.370, 0.00078625, 0.00000045, 0.00000000
 43.288, 0.00073273, 0.00000039, 0.00000000
 46.416, 0.00068291, 0.00000034, 0.00000000
 49.770, 0.00063650, 0.00000030, 0.00000000
 53.367, 0.00059327, 0.00000026, 0.00000000
 57.224, 0.00055300, 0.00000022, 0.00000000
 61.359, 0.00051548, 0.00000019, 0.00000000
 65.793, 0.00048053, 0.00000017, 0.00000000
 70.548, 0.00044795, 0.00000015, 0.00000000
 75.646, 0.00041759, 0.00000013, 0.00000000
 81.113, 0.00038931, 0.00000011, 0.00000000
 86.975, 0.00036294, 0.00000009, 0.00000000
 93.260, 0.00033837, 0.00000008, 0.00000000
 100.000, 0.00031547, 0.00000007, 0.00000000
